LOR
-540.735065801
-528.259926685
-560.567024633
-531.132859429
-464.306509961
-424.055076321
-568.889024254
-567.81388849
-525.180611596
-465.220673397
-502.526429671
-504.840343704
-480.45948643
-529.31187156
-597.45495607
-486.284613299
-567.900226275
-591.943219013
-591.156723838
-506.502256269
-565.881403254
-460.088247527
-467.138709335
-556.938449861
-496.663626017
-552.955566599
-547.879741732
-606.312971971
-519.942669976
-494.633057929
-578.038582143
-484.147908937
-489.670168587
-430.892241504
-641.198122996
-440.639925493
-552.348038509
-569.7692956
-450.702989473
-448.194682488
-576.117679138
-526.727586578
-512.720448196
-558.356110864
-508.009910949
-471.034814091
-680.333986096
-552.909887128
-426.376190088
-564.321072329
-450.401525107
-517.594542384
-519.354249094
-500.612680024
-527.578490379
-466.308772861
-487.056397562
-428.695732544
-541.220648257
-487.297522916
-587.592182448
-541.403539519
-506.471827541
-521.602294616
-571.74178716
-474.168658791
-458.434063809
-527.798583435
-483.723221466
-558.324157499
-500.655474274
-498.368082376
-524.49120397
-574.50280195
-543.65450349
-601.548702276
-534.307269723
-543.903990482
-552.324240502
-443.537852493
-579.591341133
-536.04099703
-496.964496885
-456.698778166
-549.801312898
-590.074626196
-590.051679128
-500.639046289
-555.886463905
-500.369828913
-584.398189902
-462.584486332
-447.170694774
-532.628819308
-562.426324725
-516.623978148
-588.940606986
-502.092157822
-580.937747649
-538.31278993
-605.260323432
-518.427768967
-532.102089841
-512.471545097
-591.378690006
-532.633599623
-463.017982507
-498.898689023
-548.35555053
-512.310110965
-475.067604766
-542.999238301
-523.49719554
-553.075999493
-542.090231178
-552.532343259
-476.39353845
-582.579051469
-522.266240344
-486.637938773
-530.640150582
-587.12306174
-393.505689153
-505.616569434
-536.762482069
-539.993937006
-526.74551664
-494.122867309
-501.359930551
-486.055865869
-517.512171702
-501.041258412
-518.842655723
-501.128938079
-429.845856197
-491.678896229
-516.738575141
-481.046904479
-549.106132166
-534.746998641
-503.389559251
-581.294044318
-507.693020329
-488.434722472
-571.317816432
-507.980292861
-509.036318035
-556.203902923
-530.239957812
-480.154779667
-547.329368057
-625.360141046
-477.502555519
-491.300044796
-464.703585025
-419.167529166
-491.619559196
-523.002162288
-525.748822933
-550.944030151
-468.446780788
-578.644461853
-510.775852742
-530.778981763
-490.098431423
-520.095579381
-500.929772445
-589.321144435
-507.636815858
-532.051536267
-502.087392672
-548.655891765
-535.809024518
-495.86884631
-606.857399963
-559.555585966
-518.143170819
-513.143282406
-444.872081824
-527.91662
-558.631543561
-571.691358547
-581.809595445
-519.319672378
-507.635984714
-527.522339884
-519.069017381
-590.254857662
-501.729981635
-532.686280546
-544.166552422
-606.095509439
-487.090621504
-591.998386493
-480.515107225
-500.011940791
-560.458930996
-561.065012842
-504.510429045
-534.555322723
-531.41150537
-458.407144209
-540.281498434
-501.879662303
-396.441463328
-521.372395521
-508.124732715
-594.109183395
-500.323794095
-500.572225526
-576.684922438
-552.520479774
-564.717378627
-456.595051769
-441.902257725
-481.704338776
-515.241168898
-439.163636508
-557.574064986
-527.044419501
-639.725335372
-519.863697703
-592.254263472
-506.170404999
-579.80137219
-538.317395371
-554.11894355
-542.230101108
-513.87641888
-557.524326991
-519.290596893
-539.135718745
-551.057697983
-609.04609779
-444.312075089
-527.315864065
-498.888025031
-488.546482724
-514.313900937
-549.412262841
-614.401524879
-558.260278419
-488.333435942
-402.001356837
-511.656411744
-496.850412929
-500.380586075
-641.206565367
-435.795820877
-393.598490373
-507.962107658
-476.364123224
-520.212708762
-554.073386995
-532.05797133
-559.082440471
-498.600797237
-573.452432828
-607.788787045
-511.249274961
-469.08220898
-459.807137941
-544.171689998
-581.812707851
-500.442320467
-535.22383702
-532.992298977
-473.079457586
-492.271315067
-495.487545127
-427.504483653
-513.302789441
-559.212984147
-540.775452614
-581.339783558
-565.914946989
-588.959209934
-449.2388284
-472.553830839
-521.483057688
-483.830884902
-575.868935025
-556.753548499
-527.23908369
-598.113731818
-456.598225897
-478.153141916
-527.670306315
-581.985430311
-492.441639573
-623.790108526
-545.682467234
-527.409663048
-569.465791201
-544.788279474
-551.787714512
-546.227384033
-482.178372267
-511.5149972
-468.58000322
-587.490390638
-509.823103142
-571.708400774
-589.125221704
-421.405583031
-485.301096209
-494.453438973
-481.721700226
-481.72240296
-541.037522547
-545.608374601
-559.489024899
-535.419813223
-526.599142938
-492.283399265
-459.469638482
-568.183007639
-485.431389514
-469.859704154
-491.632647121
-449.787307345
-506.430771826
-505.755690569
-458.977236797
-514.638428254
-593.820389278
-566.941274263
-536.245012016
-440.191385462
-613.160553567
-524.915282304
-586.903344121
-441.779345723
-526.095050947
-575.738300984
-582.824971257
-492.595780258
-536.369090295
-513.484358135
-459.285771637
-505.39619217
-520.478490974
-466.232987516
-498.240044676
-553.802770583
-550.472527392
-512.832834785
-487.709536387
-583.956455118
-535.784206513
-544.161311629
-521.21834516
-480.53112546
-500.580902681
-493.079689429
-546.409679205
-515.672994261
-517.22245924
-497.228447622
-486.490072436
-449.381086046
-488.986559165
-569.7982879
-476.647458833
-625.295303284
-525.800667107
-614.233474294
-456.481992153
-565.040860883
-577.322961672
-585.536392635
-595.140465661
-506.225445062
-358.337879441
-509.391570321
-501.521547111
-492.83234204
-499.418606508
-551.611316686
-548.088205041
-575.145076424
-505.329163774
-519.847839957
-561.902217854
-612.27823745
-614.923124671
-415.5580345
-510.959387158
-512.65293709
-562.844176944
-521.619702555
-529.68007724
-465.038072509
-479.354247653
-566.92136576
-559.748042398
-568.276079227
-497.461746166
-438.05292604
-524.389390703
-568.837999149
-431.948608783
-476.301377975
-444.764340096
-538.958811966
-573.46501178
-584.21228318
-580.109795773
-550.35410953
-503.19340858
-511.752341447
-552.691921868
-545.916122381
-560.78533138
-549.640349897
-540.205041571
-554.199380131
-533.421444974
-583.150347906
-601.163722097
-555.86390593
-512.521732427
-520.51130966
-526.905865727
-591.614022162
-516.888376672
-554.565126374
-491.545334726
-421.553826837
-487.390051359
-471.758155422
-547.99312501
-514.030551992
-484.930057649
-491.311867434
-454.053220068
-528.010028516
-550.135387106
-551.234963765
-586.234709404
-621.252193552
-434.651603044
-458.477131659
-465.610548236
-594.125340979
-458.856714703
-465.887857863
-595.567554387
-509.659111043
-556.208443502
-487.956707322
-531.479629486
-554.413121787
-513.555623441
-507.346058179
-494.851257188
-523.148562628
-521.264560721
-520.300282757
-531.975832768
-487.188974708
-404.987412277
-509.19934262
-489.056312278
-491.188139214
-522.645048163
-521.899998658
-529.587106428
-503.467381686
-534.663958841
-551.826441432
-482.304706635
-575.380446421
-581.278180292
-525.276925738
-531.546300148
-540.388127601
-503.631383526
-560.186343952
-523.841596297
-544.915477207
-521.109284042
-500.803947739
-507.758625602
-552.640103964
-598.042645207
-524.603217216
-567.394661461
-521.118242346
-568.368512628
-420.697884193
-539.045089299
-475.770490864
-470.995951156
-532.170425983
-557.411329946
-486.476327906
-524.725973771
-525.631661571
-535.901325819
-536.960196111
-542.212925505
-483.558052469
-510.228699337
-572.916118241
-519.090722722
-520.379729511
-533.360723613
-511.48148415
-580.905266502
-570.688737078
-626.397255122
-525.249475552
-552.820703512
-465.750448575
-471.535947873
-553.219865497
-502.903420443
-586.875060349
-571.818013476
-513.601409527
-509.111725691
-474.78862013
-441.623020969
-472.724428594
-606.000911737
-525.115836732
-644.313848935
-546.644017358
-448.137868997
-481.514858261
-524.917423096
-516.742411846
-535.886129842
-524.245143242
-472.656644579
-455.081465105
-556.133298237
-518.389844759
-557.993770172
-620.516652297
-504.136116173
-498.866909121
-555.882957752
-558.67243987
-468.902386111
-548.075925762
-495.636227347
-466.820179343
-599.402530057
-509.900010975
-508.738428177
-477.436951905
-444.824614787
-473.92480658
-532.865692255
-505.805795495
-476.606129273
-468.425955922
-436.239984023
-511.846453555
-610.925168438
-510.907281516
-494.458081989
-525.582700818
-559.578762137
-501.521750528
-537.798699489
-508.236269665
-552.135152591
-565.387800921
-448.493680452
-493.124094645
-531.601970203
-533.343563904
-520.907329684
-514.135460716
-486.385847804
-497.23569675
-625.968993897
-531.352876618
-560.627238006
-566.087075096
-520.564486501
-448.783751964
-533.551843165
-450.32100173
-570.316779579
-546.750231425
-495.086326677
-567.858617779
-520.163404933
-490.93818856
-539.746067023
-533.380729298
-545.228854309
-395.479454018
-483.443428211
-476.786869241
-504.370398465
-558.164557541
-641.395297683
-476.1784052
-523.647613575
-592.12235115
-580.392774238
-581.148108733
-508.970060574
-500.101189763
-516.765507002
-509.30895074
-628.336969638
-516.162746614
-477.800658659
-533.524140937
-573.223761433
-459.851275666
-557.465434704
-463.049265119
-630.729090027
-537.335201523
-535.7908458
-510.484506614
-538.226894957
-518.329352039
-535.190083118
-559.770015631
-471.321571892
-518.131546922
-509.824031492
-499.398796716
-449.823039799
-452.849982299
-477.860019744
-546.780389288
-563.957409609
-513.45625054
-578.951462045
-501.402514285
-646.300132717
-476.136577816
-467.728251323
-489.644087131
-543.885357503
-635.530618897
-567.269688029
-520.05397649
-538.14653401
-509.968268531
-557.740687961
-486.922055397
-538.611873808
-482.168189046
-422.464595846
-568.597483785
-531.302242978
-489.989134018
-419.899728837
-608.938274844
-530.809967647
-569.976419413
-515.793224674
-490.940709062
-471.430536726
-492.042882168
-556.861556948
-425.951403557
-629.682983081
-555.208916385
-525.141619958
-586.727644169
-549.564531605
-481.507090313
-606.859926086
-571.222927498
-505.672150853
-562.423326257
-570.202608666
-487.00536123
-520.697752675
-642.690360771
-561.458404526
-492.929672636
-466.194248975
-510.292570483
-505.940418586
-533.227567307
-543.128774455
-456.624339915
-525.598231527
-562.533879226
-500.696551457
-465.257373357
-472.619216154
-568.048990221
-624.778659641
-500.004989676
-502.114961244
-489.309893299
-478.407080043
-519.44165092
-486.758109418
-526.089971828
-552.489748229
-553.38082256
-560.369917884
-543.657273861
-563.249884599
-483.833330457
-466.186768544
-468.353333027
-518.949997204
-496.117262572
-531.257091252
-466.675310344
-563.728408546
-548.800106474
-538.002657452
-481.916014123
-585.146671202
-503.056824554
-504.727910323
-473.682148128
-499.612911067
-624.63725363
-528.419321508
-541.75423827
-536.414831114
-579.635313679
-565.472015221
-563.109816865
-515.855189247
-560.997331669
-550.546087837
-515.562904035
-646.055813433
-574.650938512
-592.779791988
-516.640204235
-552.250497393
-573.641969964
-614.801899992
-557.28724578
-533.227682099
-501.653799329
-483.283118628
-476.265194594
-532.807650307
-430.486791978
-592.38743774
-433.174956566
-592.046226185
-477.260101855
-521.793945601
-527.181653297
-597.061166886
-599.607198512
-525.838748686
-400.007668242
-542.985592799
-507.817714894
-532.971327811
-468.718935618
-511.351057687
-563.006817763
-580.143194373
-485.424462285
-591.099600337
-527.019309388
-538.994873981
-472.82709009
-477.507205215
-462.418075161
-483.384492162
-495.395454602
-497.28958425
-513.868760982
-506.959811007
-561.145556727
-602.724071237
-476.668271553
-485.275650197
-533.382863845
-553.916139412
-528.904281474
-510.722612844
-562.806277297
-535.621062903
-561.6885828
-451.964400284
-573.586970369
-510.708076421
-459.983801345
-428.032292389
-423.727794977
-612.269821707
-568.419580358
-477.642930671
-528.181152101
-526.309710873
-532.40511056
-537.816925008
-508.972515341
-496.953958365
-649.260113453
-572.647059063
-523.663518779
-502.24359275
-462.023687521
-467.337786551
-460.600915994
-595.062133165
-517.622185745
-510.501190413
-553.434319661
-502.686196091
-464.235208209
-568.391494817
-556.114484597
-559.108565279
-513.220628782
-509.15654322
-482.854555723
-636.143691124
-588.042202871
-452.916519929
-573.28636606
-644.829364793
-546.648343199
-585.507479951
-516.172677907
-471.006533882
-568.924602392
-504.942519611
-569.897653119
-557.581848617
-539.165497889
-494.367316809
-505.536766021
-470.437851439
-531.048915311
-564.652838526
-524.350280843
-629.569538373
-545.030785875
-525.223822303
-544.582565927
-469.883530607
-506.580192967
-523.402926155
-477.868256565
-581.98229438
-537.350985306
-440.15336016
-502.885526071
-563.324088797
-562.426432118
-494.268573205
-662.822022663
-522.395376223
-537.94961607
-501.644592327
-571.032931225
-528.57814237
-659.057977569
-645.78615985
-517.051800128
-492.827652144
-484.52485916
-451.572014084
-612.146314054
-577.191540046
-494.122666392
-525.277972718
-605.783938344
-480.612329578
-502.830732014
-468.629008046
-532.485162838
-532.556572384
-567.087847804
-494.098604789
-574.744172343
-478.124943403
-523.220734619
-473.235371451
-490.546905783
-545.635893251
-500.440402049
-558.159536425
-484.190439079
-559.368215013
-444.37127225
-530.37585576
-434.802523026
-514.129111183
-543.682418849
-588.855794522
-559.025941516
-538.622848276
-525.177293003
-540.197431134
-586.075244048
-556.60925837
-590.5623315
-596.812237728
-553.717528098
-532.996882069
-583.011712398
-483.468675761
-563.856180397
-561.959216979
-495.093899271
-462.332291082
-460.585477799
-452.699516845
-475.171470993
-526.355509632
-583.132425476
-510.212616538
-566.291741163
-563.438063486
-489.074134221
-538.786228216
-529.064630388
-614.112818339
-490.759416214
-547.226797305
-487.437136637
-544.641660977
-582.52898468
-561.474002591
-513.215332462
-528.692641139
-504.614962468
-468.465824104
-501.477623932
-487.366640832
-445.572659545
-555.249224725
-515.443880336
-577.915560928
-500.390974007
-562.487407814
-514.914219748
-535.577352881
-529.461122483
-491.808125147
-463.982112494
-455.952361906
-512.760256215
-510.677672047
-592.763017938
-495.344133975
-525.796271799
-572.196167582
-519.767416021
-539.096536072
-553.754215521
-560.327781263
-497.920000162
-466.143562839
-528.312396891
-522.869154086
-522.644294387
-600.928615949
-496.399884259
-533.032923534
-541.323574386
-493.677057989
-631.435462317
-517.259999149
-503.338634463
-434.795213823
-488.505980516
-536.714982053
-460.855482161
-503.892636139
-477.074672834
-493.23787267
-525.770210206
-491.226435861
-532.304407945
-498.707866773
-565.998076838
-482.510963246
-443.606013357
-501.115779823
-505.041929887
-536.494020624
-626.72296087
-499.994456565
-508.873385401
-488.670150901
-542.19271091
-527.496745188
-537.606622853
-505.117211147
-565.013192202
-491.219551706
-574.030504734
-529.954870382
-526.712417863
-528.942869441
-565.946904928
-550.969404677
-547.435798089
-570.687366353
-576.969831309
-536.394416013
-593.90858811
-553.333127907
-572.180614324
-571.479849079
-454.600143454
-476.265306465
-451.001610482
-504.493961105
-549.972097706
-468.137893489
-511.779936643
-604.155352245
-484.677744747
-470.681683946
-422.082762846
-564.18663231
-529.604141671
-563.926291198
-476.085549473
-627.78985293
-455.492434039
-514.687158732
-564.952634822
-472.596525198
-489.257037014
-622.379199619
-558.491906239
-546.022790935
-650.595919137
-522.550827822
-570.181590992
-527.917624713
-476.679209801
-559.675226973
-474.559050898
-552.072516883
-575.339110738
-637.713570575
-538.216079918
-445.981774116
-548.118651702
-453.832441649
-527.322803828
-520.752452495
-511.525780184
-537.478434023
-531.818940478
-502.52396558
-441.306642701
-524.648465503
-581.11268024
-533.86828117
-508.26603684
-544.442367041
-540.333868542
-413.86523765
-554.79259637
-425.962364902
-520.661336563
-573.454621416
-546.28761917
-579.621195387
-522.342846328
-615.401935242
-510.950526826
-554.786286844
-605.743522724
-483.004846399
-522.794979634
-494.821686552
-525.739563283
-634.080343103
-522.268816329
-545.415411402
-473.883670414
-433.84731214
-556.721888355
-541.209353185
-518.770930153
-492.295127118
-450.988339183
-578.612705008
-459.592894197
-569.64834337
-535.077186566
-505.081084883
-484.87327707
-420.350544938
-523.900244359
-475.172671997
-509.919230171
-595.101605389
-552.670265311
-500.621327308
-513.908337339
-588.419042221
-504.265182682
-519.78698252
-589.299244182
-510.04531613
-589.65951881
-505.513121294
-534.41525325
-491.309027768
-559.786924151
-552.148608177
-488.432763502
-500.861521083
-544.279958555
-550.93550957
-607.651563833
-497.529564055
-575.783970733
-482.448829321
-484.761506279
-455.584197752
-494.230442608
-449.122210144
-550.454153991
-513.850913504
-393.1375917
-472.827120899
-438.528235753
-527.063209392
-522.725554803
-511.670742205
-482.06358607
-522.639197044
-471.395351099
-546.648231365
-566.840358509
-531.314077582
-578.448391633
-605.385805703
-460.003156804
-566.231096332
-620.449311568
-483.832259608
-508.141105198
-459.54957375
-527.625979658
-517.903766055
-538.204832853
-579.283523157
-561.470229229
-486.561724861
-590.545807735
-495.456342865
-512.415372676
-464.387437412
-586.767045417
-585.847781419
-519.085900473
-569.668929157
-489.458537212
-445.701829788
-521.461221761
-570.011556018
-526.66478112
-509.361707277
-531.552960489
-480.223495428
-533.271235525
-524.192588657
-521.270227132
-567.434668493
-544.865565322
-509.617530249
-438.236420622
-564.670508778
-544.455528637
-552.878360051
-546.642215332
-465.734557702
-560.502516153
-510.528919923
-592.217589849
-530.200354486
-585.60934913
-479.63627797
-495.11997681
-425.450504471
-439.030822276
-486.666703918
-539.837835135
-610.640308134
-465.168795978
-541.06741597
-493.625369576
-510.352279453
-475.240066971
-531.397206862
-534.235408178
-571.082698539
-526.793094895
-545.192220426
-553.220731381
-489.9029763
-486.12407873
-509.320979312
-542.886126616
-410.381171771
-457.003021673
-457.615279675
-540.531114955
-559.145625624
-523.527683048
-555.593048275
-524.255834482
-519.560045776
-545.293496834
-571.917638097
-472.914063579
-452.105999028
-488.329960578
-579.115675602
-478.617635732
-506.141151541
-548.082651561
-506.516722814
-489.540833216
-520.127699332
-508.603558561
-532.870940724
-541.431936736
-583.309205202
-507.793298633
-450.943699191
-483.363618661
-546.064086229
-435.415485092
-476.031281627
-519.009783902
-483.655979923
-484.873677993
-588.406811749
-552.242132568
-592.708986269
-559.284507613
-582.331809649
-518.974975751
-483.098432594
-498.337701518
-481.739870912
-490.024605808
-508.509761532
-531.156819033
-472.960750281
-516.201678731
-527.574473503
-516.372230735
-560.867273504
-498.946200701
-499.503525363
-547.798111519
-558.274057837
-505.379646439
-597.266074915
-584.917776275
-477.563396779
-533.734644421
-587.051503354
-506.181909433
-505.479914888
-523.468832343
-572.077419475
-552.15166008
-491.536731294
-539.446133814
-526.470771004
-460.766921869
-548.478941419
-579.136921764
-453.917319439
-462.273600436
-406.165259869
-479.64280327
-453.381205879
-453.591316835
-534.236234404
-608.404984585
-465.002294217
-481.398432574
-563.595855836
-468.169726106
-465.349363111
-572.464480001
-543.288610017
-574.352522397
-458.280854352
-544.470487617
-462.820057449
-462.297904419
-511.767335931
-617.924966879
-537.518472869
-400.051674966
-621.0481916
-527.730259153
-487.606461427
-462.994737253
-567.303805644
-506.334227992
-548.563026718
-557.493675789
-557.9785441
-566.059728882
-487.599251219
-522.975644926
-635.443944569
-575.532851783
-516.215362452
-465.225299699
-478.979554099
-502.845581632
-518.692668172
-494.585016583
-520.510599121
-509.060484631
-530.241113267
-538.269799809
-541.677123298
-561.333239039
-471.204395661
-459.125588199
-564.183234109
-533.134725414
-438.012682522
-578.584254063
-501.704499079
-405.789699905
-541.537095563
-558.023519312
-557.891639282
-534.41116305
-489.802336001
-553.77039494
-554.33931953
-433.731416319
-501.500865793
-418.79011875
-514.601693892
-540.994699955
-507.156133771
-559.156084697
-542.439906389
-527.084543171
-582.667967274
-503.825071786
-489.257800951
-452.074228627
-537.241218405
-507.586007702
-553.597474129
-587.554554161
-508.721571758
-564.81765549
-473.443647329
-481.464860939
-550.395017
-520.51561791
-502.418712068
-505.675090203
-580.655936102
-491.536858484
-486.661713856
-569.489091183
-494.082758076
-455.241539415
-508.631447927
-495.781525457
-474.448340317
-548.931486511
-571.605033395
-520.251564391
-571.824842683
-466.526577362
-564.101820071
-568.309574843
-502.778612651
-543.243337385
-476.371143776
-524.985545893
-515.781031681
-493.23450829
-479.229170692
-533.37929429
-484.518088164
-496.33268057
-577.493990838
-460.269805392
-542.336780703
-467.919051466
-475.794903574
-423.227748429
-528.157463534
-554.150064597
-606.060901092
-490.729172951
-627.762372996
-504.693313456
-539.761882691
-450.335139162
-521.987864094
-581.970029701
-592.667285018
-456.745139745
-532.615875224
-477.802459601
-505.232698505
-525.937031916
-517.620016355
-510.252498084
-525.47816908
-519.685542896
-547.150873593
-532.014621131
-587.063441779
-587.372797721
-500.096772133
-507.027635583
-538.619882521
-590.76414603
-508.795308786
-537.24643673
-506.851308985
-480.103494433
-554.456363738
-510.138362391
-506.740766536
-506.557410749
-463.996366247
-592.192553365
-476.955891307
-526.013860461
-494.95894949
-496.741218038
-467.931725677
-523.295643596
-543.141478242
-475.641168521
-521.301115532
-505.73437462
-542.594095965
-585.135113389
-554.899968903
-545.627379607
-577.173550744
-514.09887742
-512.529499514
-494.467103527
-544.837957758
-456.302807404
-519.563292766
-548.636789925
-564.79158789
-584.445231595
-570.497733616
-541.754461479
-523.648715428
-622.152931496
-494.290647283
-589.443121117
-599.387187826
-536.918016653
-599.973431731
-488.917674831
-536.751471401
-572.026676639
-594.127198472
-538.24769669
-500.277693723
-484.206267168
-606.778464708
-520.351166817
-547.390755124
-575.072133327
-474.821668477
-543.707185889
-489.899508596
-554.643920353
-461.851729768
-569.405082706
-557.586141014
-481.069176163
-504.634200494
-542.916857177
-531.235897223
-629.498900815
-544.646364383
-530.894235093
-547.281769243
-531.077935267
-448.810499092
-507.659713629
-563.079557892
-623.948361698
-518.650332402
-492.383735422
-456.319663237
-532.565231978
-606.076092069
-488.94556436
-467.411263124
-473.095427859
-446.642394249
-583.222610681
-544.236574373
-553.622468999
-547.632059393
-481.755153978
-447.164201336
-520.783465743
-573.540694805
-567.374346437
-489.176175977
-508.496556225
-581.311144353
-518.657920268
-531.051740846
-514.100873176
-556.503306035
-531.628243014
-459.267519019
-508.439906388
-541.813467426
-521.403967809
-502.214738558
-539.463881215
-459.980848822
-485.90739223
-536.966570699
-648.031549255
-565.23821008
-601.925082552
-552.064589676
-574.167594077
-531.44435931
-568.373182915
-556.945295812
-542.663339911
-578.04004826
-431.34252723
-472.310122689
-581.957646051
-534.63620609
-471.216748069
-473.048048457
-618.808927066
-486.742414306
-569.887628751
-553.127805672
-636.80773917
-575.861722236
-492.347602499
-556.13872789
-581.955163325
-554.748504392
-517.89664681
-441.230030563
-549.918143891
-592.081747416
-454.68471653
-514.676570116
-489.208327252
-554.438780452
-499.404368481
-536.506072646
-511.43395983
-526.485130716
-544.366770335
-442.377646899
-547.799925723
-559.503651432
-553.963688903
-512.073083789
-518.499914448
-618.951522594
-646.618329259
-474.363708945
-544.767697596
-497.972917259
-531.15196658
-503.243619494
-559.80430765
-563.796572355
-513.805066265
-457.752434442
-504.579025323
-497.084084722
-608.686586342
-476.223994134
-545.902514446
-575.972873294
-474.468995316
-509.131187665
-422.493883123
-491.537827032
-533.817899612
-646.228199085
-513.397689317
-559.742543388
-570.550664577
-504.740943074
-505.509360263
-481.250142136
-461.081427637
-606.643024253
-483.361608153
-549.465430593
-563.249509901
-533.52286719
-419.756279624
-519.832416109
-505.791390879
-520.684552248
-498.793401807
-570.439448982
-511.963355786
-542.866166512
-448.640492291
-511.196122758
-527.172623675
-594.918473538
-517.09829728
-510.253114774
-519.298410602
-569.65222103
-576.592184572
-494.461232711
-513.69186356
-478.120255614
-417.447294342
-525.604015447
-556.065286069
-596.974687267
-553.552735679
-545.429913759
-520.285362918
-521.889105153
-597.046474966
-554.654285458
-543.673141092
-484.970862428
-487.566097715
-514.826317857
-569.660554641
-533.426400144
-553.868960873
-503.220816774
-568.125598019
-645.606758064
-600.722077079
-412.339408541
-576.294534602
-536.054751661
-536.255235776
-553.0745411
-585.281838774
-423.187051665
-603.876933277
-541.086116435
-410.35085963
-550.511030023
-418.31670542
-506.806622119
-505.775182306
-521.057028336
-381.287105818
-527.81613759
-614.953928899
-487.151904287
-450.175292515
-455.146828181
-565.29951186
-497.591252885
-594.499445957
-644.962207066
-643.06557587
-472.781019613
-513.325812946
-552.946320965
-518.247075391
-481.568505064
-575.509171705
-524.759508662
-568.905177984
-500.102609452
-573.244591231
-498.705977156
-565.504717363
-553.678887955
-528.743943857
-464.632593683
-462.704399698
-485.090473088
-519.877005855
-521.074880407
-496.077463935
-567.269931253
-537.62542708
-488.442303385
-583.584240294
-486.257409307
-527.695162272
-526.573099967
-537.166422522
-510.661118302
-428.147263667
-577.478577882
-551.875051336
-545.287946623
-524.164087861
-569.937584497
-540.158653211
-596.819281703
-416.307621903
-570.895928926
-635.105619232
-505.817785152
-500.720965667
-497.460826454
-497.343156769
-575.820317025
-536.147914301
-520.602524707
-586.260993342
-523.41488982
-458.236140653
-493.402221104
-533.504514771
-551.596097295
-483.207815125
-574.719393663
-576.778551441
-507.684510889
-526.670914649
-452.933743665
-583.331456658
-445.572345913
-460.148976037
-544.312168328
-539.978393333
-424.54136808
-579.115596726
-480.950109603
-550.063840915
-464.678050356
-571.136434733
-591.274866909
-489.352602811
-519.714624017
-527.604438287
-523.019068094
-458.472107334
-462.576273294
-510.659738699
-460.884453199
-517.628059883
-511.163545785
-456.998688037
-567.283909406
-479.923916235
-633.960437405
-603.747907969
-473.508096187
-494.974331091
-523.027935674
-508.397199749
-486.397943091
-474.739151077
-506.921856159
-488.565903368
-470.267001007
-475.951639548
-598.214553438
-578.301016999
-537.598927986
-489.205096873
-609.587695317
-488.788567448
-517.444319032
-426.755978544
-553.072273819
-604.037441274
-602.523806963
-527.178359413
-660.742190098
-525.827198049
-461.28036824
-364.523766086
-533.179688249
-513.271412188
-508.92919564
-541.564455493
-472.294610083
-513.157598557
-505.743208475
-531.085404138
-523.190999346
-441.385780985
-496.384812272
-506.132389013
-562.896706503
-498.172561507
-580.642132156
-453.88852518
-567.539754924
-522.232739796
-501.072024567
-388.641962325
-577.799230851
-478.84244608
-495.51498645
-517.632574913
-505.043273804
-536.7538352
-560.269035874
-530.956325318
-492.051084251
-520.928843141
-509.797113037
-496.054240716
-509.867768887
-595.854648884
-487.170154322
-453.320583842
-500.607770963
-544.226575589
-533.274082073
-457.739686355
-464.000687177
-522.912351193
-552.059359516
-464.672868028
-491.604667931
-631.496143367
-574.328457774
-481.230557576
-479.181927319
-510.832575433
-601.628178656
-530.781410841
-597.80422752
-467.705395319
-550.157708742
-570.36374692
-559.636529226
-528.251808097
-594.756987197
-526.715406248
-544.279617801
-519.055096643
-500.140724673
-474.528239921
-520.180411815
-460.350286198
-534.436570203
-537.185403107
-568.668586576
-507.243954053
-425.900547011
-584.218073968
-557.866455361
-546.866338967
-443.654413347
-520.113761173
-528.237039487
-462.498343358
-548.691353993
-472.051617337
-580.571928666
-506.88998849
-548.281988487
-470.054675963
-524.280983819
-477.100704631
-434.402425295
-404.073935149
-511.211010637
-510.220586689
-542.480967665
-520.170693112
-517.158041233
-507.564394435
-538.653604102
-559.76178242
-551.105253928
-560.445401551
-457.942178363
-507.359008081
-491.738164428
-551.697268465
-481.510308286
-494.005247998
-501.92393444
-478.437224779
-502.222837672
-478.03302367
-549.627052145
-571.567106683
-469.886323332
-471.953335574
-505.491962369
-542.235602411
-534.366248771
-548.787623783
-500.740290671
-532.46512709
-524.524928072
-581.03522447
-543.989802657
-455.318700954
-456.732549357
-536.402847557
-453.206847735
-630.645951562
-526.749282287
-546.685362378
-522.25232638
-618.399698334
-474.256702855
-483.617967976
-456.942041137
-575.208613943
-582.464479213
-529.416961006
-549.095887445
-617.943308383
-547.111966092
-531.581989084
-614.150138806
-612.971491709
-510.913110461
-472.755221963
-579.68596583
-618.465395448
-498.193648795
-535.92997948
-600.677983906
-559.038792313
-477.60552648
-501.488561443
-573.349207114
-463.905939776
-482.958555291
-576.775692297
-554.875305522
-488.315499599
-494.095416177
-611.258289481
-529.945691235
-508.689389835
-531.370732115
-453.568802414
-467.293567355
-537.037348202
-530.719642677
-525.76710432
-487.090294672
-547.956853509
-489.395004667
-463.661641909
-559.675843083
-508.433460551
-475.26137677
-486.284369169
-521.034058615
-586.225046342
-503.097430018
-544.77210402
-493.485407541
-554.896482956
-553.637538236
-515.203852205
-567.132341095
-445.150634778
-491.221252457
-548.003483962
-516.403740865
-571.365044015
-492.437982875
-447.213689494
-544.734422384
-440.018516776
-480.580075289
-462.817891615
-520.866368201
-587.945492526
-503.638647059
-461.519803116
-575.89085896
-554.418381641
-580.543541012
-414.234037015
-540.668190072
-486.783173536
-543.402529371
-543.429359044
-521.818198716
-563.799747445
-589.32017552
-549.001223551
-497.17468082
-500.214600627
-553.957836859
-435.993718313
-472.340051437
-551.675216121
-548.021955357
-539.896315297
-538.38790996
-600.206429586
-520.219511464
-418.885367964
-523.845550998
-523.296823364
-559.804600107
-466.570209098
-547.202556762
-481.853767658
-527.226082583
-595.335317236
-519.420301323
-527.500885229
-585.996319513
-561.976565166
-430.42575995
-522.617892005
-515.964451323
-473.683729386
-543.574066699
-556.715029928
-558.808549154
-531.041938609
-476.896832355
-550.305871742
-512.049375059
-521.712310891
-548.75213267
-485.660308675
-609.508069804
-426.582240621
-562.573854132
-562.996244634
-538.778577615
-543.794697382
-574.726787375
-454.251097898
-457.244760116
-543.480356669
-597.895919679
-523.224437017
-518.081727102
-481.501365298
-564.267072142
-511.765070219
-467.580752606
-515.664080584
-556.967865107
-496.464411117
-430.90010974
-481.256357564
-543.854742003
-592.391000984
-504.544985412
-515.612355171
-534.299485487
-607.337258041
-608.766643226
-484.486349484
-472.053369362
-482.367078814
-472.6061031
-640.559125238
-544.847349781
-569.113309371
-509.71107912
-481.915111449
-491.318134737
-531.483350949
-438.8003939
-500.60197339
-520.287653085
-479.03169996
-493.761906497
-497.374390672
-484.749383405
-456.390212758
-463.741962994
-531.50097405
-501.335365953
-571.097663586
-494.657506686
-561.694231637
-593.93407249
-481.565100547
-512.013389007
-574.340342381
-479.966493092
-497.263749063
-518.398465079
-593.422533291
-484.338237133
-546.657545106
-517.492704726
-540.277282122
-542.99281774
-496.083116724
-584.446932912
-488.539078305
-494.270924624
-480.572416628
-388.020652648
-523.414565876
-474.069403818
-473.842705084
-606.413945915
-613.424949778
-596.809173642
-506.235061095
-477.074940496
-564.336396869
-603.762745084
-497.449000061
-478.932202634
-484.781286936
-474.219990168
-476.692832941
-467.34446695
-595.421302899
-467.811255082
-551.823874057
-524.293415933
-557.496102727
-440.819203195
-552.411945833
-550.766465699
-561.541947657
-584.683619535
-563.019685472
-511.184907095
-520.709868282
-485.698929544
-559.858541675
-415.881530823
-572.037052469
-633.777422843
-497.62684438
-573.86859527
-551.73607225
-545.399439554
-489.3473181
-509.45546822
-511.488028009
-567.00915507
-447.169065513
-511.171801096
-532.566611188
-514.620254644
-530.480873677
-565.58021535
-483.492924391
-511.901716816
-549.092547484
-560.92264987
-545.037448137
-483.836500292
-496.975544987
-555.67782502
-450.469573886
-508.595673984
-469.470766183
-575.662520612
-537.431765502
-454.858922228
-552.068204079
-507.300253562
-508.747279392
-530.195026169
-588.380456045
-549.408881358
-581.617841668
-548.156916024
-517.225756298
-615.677706477
-577.207911105
-457.332279466
-514.121695024
-566.089323322
-608.317581211
-516.477273272
-537.047354105
-597.121689913
-564.757255805
-449.541290952
-471.632335738
-490.356119759
-477.361467785
-506.855778369
-574.927659405
-571.577072388
-575.097786393
-592.829648118
-511.526638095
-522.874963384
-567.728527272
-519.477483303
-523.846782881
-395.560984175
-562.362215386
-598.309014163
-579.367144801
-479.037009292
-630.022727013
-510.105663355
-526.179962067
-533.712163934
-510.410248309
-510.758907339
-517.123733692
-516.190108426
-480.138083397
-562.418574486
-518.875919003
-536.372056405
-538.41738181
-451.807030556
-525.854995199
-519.553570623
-473.537045647
-521.01946381
-593.617899485
-506.562401626
-482.343036935
-533.118006321
-528.873309783
-491.547226925
-606.271719356
-597.584897984
-498.7565581
-439.186263942
-557.561970198
-571.219237209
-540.209028509
-441.162475076
-551.164883942
-519.72836716
-555.728421463
-555.819633529
-514.655632907
-481.4189975
-410.667227861
-558.449063831
-559.195944617
-570.710543647
-546.266229212
-460.061625196
-558.987703479
-513.052921036
-512.356417648
-597.529471307
-595.392110505
-542.953567404
-550.629850251
-553.019544094
-564.608410311
-525.219852439
-627.910354334
-483.849575919
-526.045700024
-552.482593623
-432.457901825
-557.247889793
-473.72715725
-546.899953658
-473.179953925
-573.773740502
-543.483087139
-530.653339501
-594.043790544
-504.570094075
-525.82067465
-614.752108969
-522.190556554
-508.427431844
-583.032592431
-476.842445146
-474.080120172
-452.326088146
-518.259249625
-519.140470338
-532.212406255
-504.780606244
-569.831582627
-485.948127315
-551.461458448
-503.224428965
-426.647218107
-547.634170136
-546.726074974
-521.78364313
-490.265806019
-478.966063763
-538.048494804
-529.313434416
-466.457766288
-528.91756595
-524.082124257
-555.998739413
-567.457002298
-503.236243244
-489.534973271
-472.220416582
-496.396428624
-498.842515539
-434.437842327
-490.687311247
-598.634577353
-560.475203826
-520.714565066
-488.433243443
-428.59786962
-463.384056975
-518.836264343
-463.036061863
-458.567710423
-402.416807138
-550.976133476
-609.29426282
-505.015411424
-453.233469244
-624.311036431
-533.862901565
-483.166513879
-534.267987979
-525.470470096
-613.952323772
-558.789120412
-468.655878237
-513.107957732
-629.188783033
-618.813960779
-503.425509668
-501.345909258
-489.295055489
-574.10409548
-522.743055686
-563.700582242
-576.3704256
-527.587778416
-527.635754087
-485.867828639
-479.595289823
-577.428827374
-505.231451539
-515.663609721
-479.428089249
-555.404129707
-483.892719307
-494.949564243
-601.214299453
-505.550899637
-487.703315291
-591.620219045
-569.565698004
-548.001453642
-568.903991095
-554.403928601
-533.341454398
-529.148180427
-521.609764555
-538.028258281
-557.035518548
-570.247948817
-565.702429682
-471.674598443
-483.891057976
-576.058384201
-627.304154489
-480.605401706
-515.83313921
-499.737402366
-504.855708248
-522.673941044
-541.227348753
-577.156024948
-468.361110323
-541.998812142
-436.136806787
-506.581462301
-586.935602995
-519.788530315
-508.979373396
-488.921275117
-445.651311458
-522.226461024
-494.42932232
-460.661733263
-577.808743907
-482.483896192
-570.458956134
-517.298078556
-560.398396909
-506.547140334
-567.927608796
-540.108981922
-609.653092008
-501.910379891
-502.526354139
-519.329489951
-519.641715075
-527.442087459
-455.476697155
-438.514457269
-557.093713018
-438.894586363
-573.173933802
-568.051237119
-569.606026829
-524.322770046
-491.578175004
-510.975624931
-454.492490102
-478.314430259
-523.062858937
-546.800746513
-486.882274514
-505.243675761
-577.894685343
-442.591472497
-542.480607904
-404.958967394
-502.005474761
-444.905303782
-487.111597902
-516.456902106
-579.635049579
-495.912069562
-530.008912074
-576.185718136
-521.603187641
-446.586065275
-438.618040458
-501.844928012
-478.227053594
-433.790095906
-516.536639284
-514.573425894
-534.138298
-595.328746644
-452.638180192
-532.687421937
-404.544266624
-493.537056994
-575.238001107
-529.558893523
-457.483789871
-542.283786688
-542.55511382
-601.562936302
-525.036888254
-525.888727624
-490.459097043
-578.541419602
-636.190744341
-516.471591777
-455.268453271
-489.696890534
-476.185715145
-566.907871994
-537.379953984
-517.825963288
-564.056354702
-589.576592161
-494.865506574
-519.165151258
-537.124347797
-476.914225854
-460.312513622
-531.566937363
-497.020050221
-613.266108695
-440.382219119
-505.341919256
-510.723876339
-516.582366279
-534.601565657
-508.011888589
-538.10521425
-506.368461694
-479.964504847
-508.436222514
-516.230604561
-509.059289239
-511.599031055
-525.870614048
-536.083657271
-513.400149855
-476.181594797
-522.640357066
-548.148748616
-501.404072302
-535.697534372
-566.395151286
-569.606590877
-530.201194231
-608.399121343
-526.911694809
-484.01695849
-621.634838287
-515.701492222
-482.552749486
-470.111267253
-546.766538661
-510.416806829
-539.507846967
-518.264915651
-563.866494189
-530.34236732
-527.760068244
-521.692897276
-513.54341305
-365.157240079
-426.931817774
-638.496424274
-554.549101977
-631.810828503
-508.574007631
-593.404361912
-440.97352101
-385.488703952
-502.593764367
-529.643364035
-563.785610644
-541.548664042
-504.638841408
-532.647605596
-562.563969898
-550.69463022
-568.938483218
-604.174915132
-594.915414524
-522.413732129
-509.592322244
-512.924928928
-498.428507903
-458.270333359
-512.850394836
-608.246276023
-614.207839175
-534.726704194
-513.568458501
-542.34536896
-460.195282109
-437.921901261
-564.738455297
-571.807380622
-671.139595006
-508.539231547
-423.373787613
-529.341143626
-486.732737569
-526.065798805
-517.405491162
-481.161524396
-533.335487812
-588.253374429
-520.151629384
-499.8032071
-628.549436476
-540.039442704
-592.16338567
-585.997346071
-608.149224725
-606.382178305
-525.590502731
-474.897604825
-531.622029804
-543.276084666
-483.814473461
-488.161221283
-518.293931231
-521.865010651
-524.573986194
-496.782706648
-547.924759829
-496.830544834
-570.775934612
-464.741803895
-560.144023361
-504.057565437
-471.395861142
-556.51070701
-506.45672925
-509.487538759
-508.02419896
-411.397571732
-500.503036027
-513.779873235
-535.757490579
-487.172724192
-567.934131153
-604.263553736
-505.096506354
-431.875685046
-546.18391497
-501.220222712
-565.455123905
-504.722499607
-509.134488749
-512.137701848
-508.87976884
-476.267535966
-592.931819544
-566.074393997
-476.970750557
-585.152327246
-457.510931885
-542.907332536
-553.345662353
-466.289441537
-517.320218436
-528.146043283
-536.565738465
-516.89067345
-592.711816305
-498.682251616
-518.437353283
-490.148258588
-472.969172017
-480.205426018
-450.762305239
-494.835979889
-496.533707554
-494.720061466
-589.030942691
-510.065989134
-474.12234081
-479.776036348
-510.48995371
-618.058605723
-507.745097949
-502.953077236
-585.264509737
-502.258643939
-608.227306067
-577.408329804
-576.844495889
-525.832101779
-531.145494491
-553.066953653
-452.676391643
-474.54721659
-568.586361136
-532.968771173
-399.919627649
-515.709352161
-435.127713187
-491.861452037
-581.274305857
-542.410906411
-515.117688693
-618.557409147
-518.402777498
-435.973768888
-552.272059396
-483.142419852
-464.696643707
-581.631377157
-494.758348362
-426.77711926
-527.969414036
-523.160923426
-477.859689127
-548.456801961
-536.395740191
-509.200360506
-583.63501574
-546.01511873
-489.464060458
-454.403605317
-414.968579322
-523.576621664
-473.630830015
-626.496899677
-515.087214335
-516.875803754
-528.412370037
-593.053474982
-649.899607377
-596.72018684
-484.310460962
-459.85091007
-536.419486504
-482.759490044
-481.426730015
-510.816448738
-551.140131728
-446.888168895
-598.721995759
-522.61206809
-499.477918597
-489.809766382
-556.553530473
-508.247790514
-514.191772394
-494.338790069
-477.250087736
-443.172938777
-494.550379021
-491.120367403
-542.966818006
-560.966309457
-494.802982537
-494.603970294
-574.519461419
-575.787837284
-618.208557974
-499.88034239
-494.758253038
-507.435762768
-645.861010925
-519.716591704
-496.210148521
-435.925285486
-481.645833544
-483.847196958
-573.204891573
-519.478118888
-466.430296597
-542.037226974
-545.852257094
-537.638255373
-488.028891361
-459.61666397
-565.395796627
-572.619760704
-571.560657914
-512.396196316
-506.671806786
-469.775945468
-564.967375552
-562.51443405
-556.043536117
-592.347641323
-432.37698672
-541.128373011
-502.451453703
-522.868258437
-539.585129769
-407.285338378
-491.383795504
-465.29786651
-429.971331863
-515.741267375
-540.844877435
-572.078557435
-507.461276495
-510.625509487
-483.457954481
-474.882209734
-504.422646003
-481.952500336
-458.498804252
-554.86010076
-598.126015196
-574.749559154
-582.434702445
-613.287445363
-460.852074108
-479.685489521
-567.474075605
-459.872352696
-540.479398369
-455.515006012
-517.196247456
-430.430989184
-479.037739298
-447.452158929
-573.694125662
-555.139170266
-479.788554375
-414.80341165
-515.710437357
-610.103808891
-495.228397155
-437.64878933
-587.557804177
-540.184640006
-451.233421441
-561.643281939
-468.233841715
-549.974895086
-466.793944994
-486.21821214
-543.200572338
-572.220111539
-553.791356757
-551.526966926
-417.825031613
-547.241751778
-496.821348118
-433.110276933
-515.589796098
-435.556201072
-543.499148113
-557.799116823
-465.305939601
-510.661416222
-484.479742027
-552.153672055
-558.337331173
-547.993133123
-599.93052681
-618.265638211
-524.581724637
-533.079541901
-477.529488901
-445.740310489
-523.309514428
-466.215506519
-468.224675297
-455.408921234
-591.215630086
-501.948390983
-536.819671154
-522.410719212
-531.171911911
-510.758966007
-532.540844053
-575.564454193
-482.535271111
-492.343223262
-483.896306196
-607.778480456
-428.867010919
-560.483369481
-438.564753284
-430.085209928
-571.802558029
-526.926194815
-403.196251018
-534.006256673
-545.032456971
-571.574552116
-501.50844482
-548.441001816
-462.315807642
-488.86460604
-483.318445639
-609.020263911
-505.871309861
-504.441276844
-425.220096192
-508.420852659
-455.968873743
-583.905410876
-555.468465039
-538.58813522
-483.824996887
-591.26251432
-516.118964761
-419.931459163
-540.360998962
-519.645486216
-451.762444687
-526.826514916
-459.425329432
-606.626984445
-516.420595161
-573.38789927
-528.760502034
-537.235533238
-538.900364747
-512.60006326
-533.890636548
-489.009700184
-580.593910817
-548.9619282
-436.188092296
-499.947632107
-549.227311646
-505.540777478
-509.592995799
-463.655071425
-491.805067997
-545.634252181
-573.941827339
-491.845514043
-459.944069059
-553.527425505
-616.246320592
-512.782114836
-488.526428264
-532.258680494
-492.69382799
-496.45625661
-452.986490511
-533.471329232
-572.492697305
-490.93161401
-539.534998324
-540.263650326
-508.621391575
-450.172382802
-507.123755947
-543.880060897
-565.9820201
-439.844870431
-512.747005043
-553.754667067
-491.516791196
-471.339640814
-520.464351803
-470.374371206
-556.055667436
-583.282629891
-511.54135771
-618.733469018
-452.536824288
-507.877565741
-565.786486514
-565.931078697
-455.263018147
-531.84607085
-573.358959368
-552.650592161
-458.109468653
-582.752161397
-537.558790858
-535.68992175
-579.2019508
-534.932403985
-493.356878175
-485.997880306
-492.832264774
-592.276513687
-555.436205068
-538.144437198
-502.312216555
-434.717340328
-431.269128572
-569.493295116
-567.223103762
-525.081129066
-569.764061914
-555.677520473
-444.225695854
-514.120866791
-598.566969562
-484.61242417
-470.711198492
-551.698044005
-493.801984361
-597.684355717
-542.349175205
-617.375843302
-518.45209056
-504.583006987
-555.569751333
-502.827677764
-546.943238221
-502.830952421
-584.701332308
-437.153221922
-584.847083613
-384.078305978
-545.416791774
-506.976942402
-512.289210916
-476.032661167
-491.887171855
-537.54810987
-524.51458418
-517.785074438
-546.26766127
-486.926288041
-568.002788982
-579.115394762
-507.148690851
-498.90189276
-456.664124848
-493.230375109
-422.486735533
-438.153657827
-555.647614211
-580.941959739
-523.529476818
-550.714788915
-590.422677346
-550.445298322
-538.539234225
-457.661107628
-504.994358091
-494.653121653
-463.645718776
-507.961750779
-546.319587316
-550.279582076
-528.016297187
-590.634906268
-511.103567803
-496.438931734
-504.511678379
-547.925944375
-494.984288957
-501.057786848
-463.239229467
-496.54866312
-578.534951677
-494.467478924
-524.468280051
-501.579218948
-444.774974207
-539.190217465
-529.150515605
-487.540088566
-555.391388617
-529.808226623
-520.95074961
-517.69883423
-544.415096073
-481.618731606
-611.874570412
-540.297248017
-601.897830938
-539.809020227
-513.72693959
-531.930099585
-509.856196233
-633.966503092
-443.989865422
-590.063466326
-557.106019775
-544.563870752
-599.621500886
-579.766475372
-549.357853084
-539.049961032
-697.01126152
-574.002540211
-466.337526475
-449.239137784
-411.860589735
-434.136153508
-504.763673887
-551.529809018
-556.695541951
-540.431820189
-527.440369799
-537.847615454
-529.400307794
-546.863887395
-543.621312907
-505.071315844
-530.437682005
-625.524618086
-523.402957397
-569.331438066
-527.539789332
-503.200065636
-462.162933566
-544.26890136
-510.992215534
-480.856672586
-554.595574226
-528.544530225
-519.185808453
-444.562363555
-535.326035856
-490.566919605
-578.854328939
-581.784201684
-492.237052087
-548.044924108
-485.480923502
-488.260952535
-537.119963345
-471.260819698
-520.475152194
-575.56711421
-437.570800435
-577.553491397
-556.561817732
-522.805218569
-507.145827997
-532.107013521
-510.79396619
-493.467881899
-477.588883473
-413.05296518
-430.262458236
-551.85124075
-561.621436773
-506.718028897
-521.0368524
-554.212596449
-488.724514791
-519.100168507
-469.07004446
-492.402649316
-577.373020818
-594.98257004
-528.83117042
-455.541690551
-526.760575108
-515.756227637
-541.658332957
-550.646217333
-493.504800541
-491.689982326
-395.562796663
-606.035390651
-641.652499333
-524.702977534
-531.858076394
-491.055824706
-510.535703818
-548.198202172
-536.408438694
-537.732883966
-457.70196927
-528.150515356
-571.322779156
-489.143462838
-523.642414308
-460.308457968
-573.515270403
-556.798445135
-540.0941326
-471.413554728
-513.754984647
-574.826293302
-453.639180309
-512.485088557
-561.984074483
-530.358628363
-572.108141793
-477.355247024
-656.805182381
-477.666588458
-541.081198298
-528.55556151
-551.946959555
-527.117202041
-605.636303506
-485.933282418
-551.110906034
-513.9113711
-568.051648244
-569.522979725
-499.092021553
-482.415401864
-554.148641108
-497.55515508
-564.937731795
-457.938644957
-620.748151807
-540.043712505
-502.072277004
-417.775148489
-365.214008324
-553.987935531
-503.883392991
-572.614787797
-521.371354811
-532.389836957
-596.496771745
-464.255021687
-512.513424282
-527.217091775
-525.750633397
-461.709431232
-469.95381566
-542.253690436
-430.803446113
-427.367287041
-568.272594649
-551.595949168
-549.604397961
-526.13373197
-482.512789811
-537.954290956
-559.663006746
-524.768995528
-592.742431243
-536.942925145
-432.155769997
-516.22266804
-475.355530749
-530.687239274
-487.589044384
-616.935822182
-452.788673513
-485.460544453
-520.771783234
-533.70343862
-472.64131209
-477.030403813
-507.548529644
-487.368768472
-490.814801077
-484.250197686
-484.921132569
-570.738931266
-440.568290588
-459.799107236
-602.96283694
-579.964436028
-486.819340732
-523.453316879
-455.8072427
-525.458363223
-523.873550629
-500.875689053
-496.476375006
-527.575029698
-448.552808479
-515.33119776
-479.928784102
-553.120628973
-541.049346775
-453.263535882
-621.234331878
-493.956584224
-558.969756283
-520.150952912
-499.043680346
-466.742383429
-524.106529397
-594.211101321
-572.158329301
-498.129189882
-524.048683535
-599.822588063
-561.83566044
-581.227280917
-470.645649876
-569.372597487
-445.134221774
-488.493831191
-536.169011229
-587.173105693
-560.213359553
-554.300027535
-522.0959836
-604.282821136
-531.451435801
-513.47157661
-570.713928399
-599.197314477
-556.45632748
-475.540734057
-515.001297549
-605.404871957
-567.981721069
-488.532367973
-540.669766267
-524.196426525
-509.21158008
-504.252851556
-594.59320782
-555.323510984
-559.309072794
-524.475825227
-549.751790417
-438.035724218
-525.993900337
-599.776507661
-534.106668987
-585.370077602
-503.663958923
-520.634299961
-496.538670965
-516.433360169
-504.886321573
-545.512368647
-467.542233401
-497.331342664
-476.656787284
-444.815919958
-621.757477746
-422.16240421
-500.959850341
-466.494887298
-548.578545589
-426.84509866
-561.986112749
-552.141937398
-512.499870806
-456.252651881
-525.916448687
-465.232233492
-599.682500799
-495.19781485
-542.986077617
-494.791361286
-448.579439958
-478.607527396
-520.861864288
-505.553382984
-493.819201104
-634.28767083
-587.564467418
-511.526539197
-499.738784718
-540.825701531
-562.326254812
-534.626151978
-539.717892441
-562.637059248
-503.414369308
-533.437236224
-476.22982668
-498.976205568
-437.402272701
-597.437647623
-542.763549771
-529.692782728
-568.490104782
-517.50929636
-618.866591768
-485.88263246
-633.004060766
-520.267826418
-482.016341003
-620.248230132
-588.459132701
-514.861610232
-579.191397067
-469.548374037
-488.946050967
-524.412765644
-543.605195301
-449.591048731
-474.553396138
-571.880560898
-556.081147068
-618.819183709
-519.61475504
-555.18725858
-511.057242064
-512.505683819
-472.610551694
-518.666855684
-488.020126394
-426.190005263
-583.869987033
-514.338611306
-489.545646562
-564.882679797
-550.996980111
-400.542754186
-515.991602872
-467.270085467
-462.255478021
-612.534748153
-458.888023676
-554.193895317
-531.546134122
-510.671949582
-539.193996274
-506.372434707
-530.180370734
-501.164990575
-563.733743196
-474.3465567
-526.748324658
-530.218361685
-545.394277777
-430.982634236
-508.421022021
-408.700441957
-430.644763153
-512.217761492
-549.880248771
-581.025568742
-517.394809398
-563.044198071
-579.970570634
-535.891601602
-514.703854568
-527.022236421
-458.155186103
-486.128426896
-491.322108431
-474.234423366
-499.242577248
-511.240130552
-541.505643904
-579.114071591
-601.260935221
-585.309623678
-475.392460776
-631.872975102
-528.207417656
-577.505037949
-558.07384425
-515.397128446
-546.904234094
-520.089653306
-557.902903465
-462.005217447
-442.940590223
-489.872874711
-529.784414103
-498.5731994
-503.95865074
-557.058746883
-492.9135036
-532.35497753
-542.315703287
-503.478553137
-490.661069551
-442.106314142
-494.403377299
-613.737222343
-477.54806378
-465.377399025
-517.387654717
-522.128777518
-526.444918443
-562.48511658
-471.947369559
-579.030920371
-486.033309582
-458.653976849
-576.326870713
-490.21965407
-533.214418003
-510.596545217
-541.979687915
-544.822893745
-520.320167024
-605.332114083
-550.273087993
-471.524231695
-593.36677629
-485.664456755
-476.761000171
-474.682709744
-521.697476086
-591.073950561
-456.618288766
-531.884964026
-529.029915004
-566.867989979
-580.060646141
-530.258219034
-476.53631044
-531.157716048
-460.690305568
-528.755335749
-490.212841642
-521.440228788
-623.138697147
-529.531074201
-551.086858217
-516.984565739
-553.036628065
-501.253008817
-542.993918476
-471.82955924
-505.990744146
-554.357605553
-531.077582522
-514.956005527
-547.306401871
-489.750993312
-485.694851682
-475.235991757
-585.402471905
-533.138677291
-532.553135923
-576.37784452
-493.506951573
-615.226311599
-548.571804646
-538.12871706
-475.621010266
-564.604531266
-552.267107819
-473.313152525
-517.07806288
-493.9907037
-581.101586966
-536.449158609
-472.883414668
-513.445803025
-486.24643615
-497.698117862
-488.970324697
-620.104136176
-548.535738516
-544.167062427
-498.887101391
-627.246781281
-580.415515489
-587.196204086
-578.963866101
-539.768536956
-534.612606896
-518.963160642
-578.200653005
-574.821124297
-525.790260845
-521.127621476
-469.965036395
-551.576199876
-583.648708659
-583.669446403
-487.766671493
-499.27642817
-633.423190958
-545.578562002
-600.355410951
-501.992415833
-520.472591802
-534.28422433
-517.604644448
-546.92119728
-465.628614732
-512.121816158
-503.159775378
-556.791807734
-455.846898387
-507.924226435
-583.589942569
-522.157089073
-490.398453415
-478.041472893
-521.58762581
-533.128558945
-566.863461358
-532.944698069
-546.432269379
-494.136300573
-502.532575181
-480.143398364
-453.852246006
-547.551938409
-600.592432078
-441.974085737
-509.905187531
-539.135494575
-443.385983215
-512.600098833
-512.577969725
-507.718379986
-470.597227713
-566.409277633
-537.399138283
-524.750112694
-536.830224259
-585.668402755
-545.922767785
-468.750081315
-529.452332182
-544.231826843
-507.720361129
-494.170366429
-525.747228579
-550.253076004
-508.360532063
-505.268789244
-500.8019068
-511.199388897
-545.984588009
-455.863193126
-538.637302352
-452.262793809
-483.016668054
-515.573410757
-546.632752639
-559.641522174
-534.768346484
-583.851439462
-484.46209754
-493.619936516
-494.029475425
-546.328010488
-490.085112057
-561.164558093
-511.645705661
-552.383671461
-516.593726328
-634.342394357
-484.058443622
-511.533636129
-594.513453329
-541.509793483
-451.950570382
-491.504715726
-632.026014709
-450.134929384
-478.639618987
-450.394194094
-588.222189423
-473.23948229
-576.244051992
-468.776271593
-497.946762377
-548.110602569
-524.989099637
-513.609448031
-495.203596524
-566.841620069
-601.292553649
-520.327502481
-578.272441042
-520.088408073
-558.71382493
-483.975831493
-554.337566155
-508.533692149
-529.191968846
-562.364125716
-524.990062132
-575.7542098
-497.496442537
-533.717653233
-378.598639139
-536.011628547
-507.874821317
-542.469458088
-510.218784769
-508.908948967
-537.157888841
-401.015145557
-537.509272069
-551.851282891
-490.189894782
-608.923107516
-498.513419215
-493.918308765
-543.48472836
-483.667870647
-638.54990337
-547.178859222
-526.124740362
-513.567988704
-534.607122428
-597.975050139
-643.1588404
-454.606777436
-479.092659508
-445.317113405
-514.776728213
-507.864597787
-531.813797539
-517.858671162
-529.863640255
-476.175310475
-493.492735856
-539.076903062
-517.307933186
-523.331344174
-506.877299345
-583.393469772
-560.508166752
-531.002384952
-589.440629524
-502.836874072
-615.132210262
-471.100583411
-536.728868096
-443.897205666
-493.174871223
-541.340771756
-577.609499336
-552.507327957
-498.319197395
-509.711313392
-574.049284791
-565.212716691
-585.123886604
-460.460075112
-531.551169357
-499.753829408
-536.895197329
-469.405166697
-524.577703106
-565.619465075
-506.254497108
-558.382877499
-537.790423976
-506.018553626
-551.255571107
-446.02097728
-649.333268839
-497.496875044
-536.702393586
-596.808850558
-601.840102638
-572.822892775
-540.43911375
-559.474170915
-529.413024396
-478.791269904
-546.040004639
-536.04897017
-631.992836788
-496.013619123
-500.680804785
-527.645329001
-520.097351188
-584.564996993
-563.6608769
-596.93257951
-523.028151513
-488.374860166
-545.294616447
-576.141125023
-504.952552166
-527.4742734
-478.224924682
-508.835367554
-525.252050317
-481.723325328
-656.446012359
-563.476196512
-585.774015245
-531.989684878
-510.668888415
-567.706242506
-462.197776461
-524.617545309
-536.040215134
-499.110605342
-550.485301876
-528.309447049
-559.719169656
-563.926171382
-476.778083783
-490.974253744
-538.736902421
-478.098373271
-610.157519561
-568.344580712
-479.442351455
-502.329627527
-544.370281418
-575.533630831
-487.324827244
-444.860832918
-516.219118658
-537.066112755
-585.372170476
-594.963194222
-593.926062034
-522.190086586
-599.485363819
-530.893999956
-480.06179307
-502.698110077
-520.327507499
-518.699749927
-478.825822955
-499.686062956
-482.758763552
-588.447688041
-491.447400538
-510.112631547
-562.209631368
-583.384723835
-456.673328229
-449.23568916
-469.995556007
-469.795049978
-521.667376161
-549.860538089
-546.795414763
-523.887714678
-460.710064929
-506.867427928
-578.219903468
-505.019301918
-599.938139077
-567.80593037
-546.959728522
-511.040349331
-488.720600994
-543.077719456
-611.873889563
-506.743938027
-533.653203147
-522.983973738
-533.392081852
-528.609738703
-519.308425092
-419.058260805
-442.250198852
-425.144666853
-589.067164076
-502.621115183
-610.120954581
-546.194866621
-554.824082466
-535.624996374
-494.759989164
-541.845591209
-496.752919037
-460.46859871
-555.633720618
-460.309263897
-490.959651797
-651.374598883
-537.911032443
-475.028598299
-520.531031371
-512.8658176
-580.410879529
-507.894900167
-551.246802428
-559.656153625
-561.782875816
-598.192917134
-477.190148701
-506.990924676
-541.764760628
-544.176418251
-546.966091852
-508.784433968
-463.665409977
-476.803686973
-538.7167313
-486.267667674
-527.085758497
-616.949198229
-451.869981569
-499.197179092
-528.200525804
-629.598955763
-546.978551014
-533.080337578
-561.947990017
-476.551599605
-572.624995982
-571.191016555
-559.247923183
-600.86007684
-547.452865385
-529.973218159
-594.567452773
-485.861174633
-535.061869789
-518.065515376
-463.261368219
-505.295049031
-548.229434034
-527.356527874
-605.783494667
-548.406221356
-523.062954825
-444.1291721
-458.544938426
-507.731483873
-521.248490241
-570.741786089
-523.524803331
-513.164812902
-517.044764953
-495.768742307
-499.249068784
-532.805563009
-554.620457175
-507.948299082
-518.201209068
-710.528890416
-549.706415754
-562.060816619
-556.308729622
-538.620316448
-519.109177378
-441.853404369
-547.137719394
-584.968595386
-517.108361753
-532.407749708
-484.829975161
-477.455011075
-534.028419285
-456.269413045
-542.454559607
-392.293084038
-452.442125847
-506.508812557
-542.165245186
-601.696801947
-548.771694153
-550.73116448
-528.124283815
-489.648500436
-577.59465602
-543.742032536
-510.620473508
-473.754115023
-510.225773354
-523.400845873
-650.456511734
-577.070255638
-567.558112902
-619.690902147
-614.906326985
-523.292767229
-529.291113644
-580.813398196
-530.34214172
-578.085593616
-495.320893854
-534.142625791
-580.622616953
-488.084966628
-554.237619886
-512.770094435
-512.346263501
-490.602304701
-594.755726002
-558.230653999
-590.003094442
-540.810532106
-487.848998554
-554.079932511
-584.609696451
-538.321610724
-475.976399667
-450.665006167
-541.371781732
-490.065465976
-567.510571355
-495.088120901
-475.754443003
-508.060859093
-433.144514385
-623.456483977
-574.667588884
-482.822986075
-582.002177967
-553.001932881
-569.381661776
-557.67075381
-591.799523234
-600.033757707
-579.603154791
-479.598346095
-497.476832201
-514.248377757
-465.119076815
-505.87812515
-506.150432781
-577.439834976
-511.646463187
-492.16444912
-467.617725407
-554.6133895
-578.387367175
-492.074212091
-438.314943813
-473.940808264
-510.308531779
-516.534292847
-565.040277566
-521.477754771
-544.466670368
-555.905264698
-564.068586857
-438.306860079
-504.639518569
-524.708800846
-591.857905087
-529.241940167
-408.516296098
-587.565636998
-519.499785562
-481.737674911
-602.359755237
-520.044987145
-520.153152151
-505.22272336
-629.372484537
-505.792784204
-521.626447821
-507.273864347
-507.926033167
-489.638034829
-520.800639598
-491.085761718
-480.68941396
-553.933986449
-512.113586986
-496.750800844
-489.310107746
-528.408821386
-502.910143985
-486.654604782
-563.637762926
-530.304995357
-535.138258146
-492.038062951
-605.584458861
-525.408457968
-535.420193351
-479.994195594
-507.32188667
-500.362006898
-479.825569842
-508.339696438
-570.574479222
-506.074920361
-646.676445092
-558.279275239
-571.721421766
-496.794773258
-529.709518112
-507.456078348
-431.328671519
-465.097075676
-537.447652481
-547.66565889
-546.510856031
-555.864727115
-530.40043838
-527.18100994
-522.947471886
-519.710712187
-421.531517523
-446.443435133
-538.216086075
-513.044826312
-487.564380281
-514.848972311
-474.103140601
-559.661349835
-424.443954903
-553.306222898
-626.39537746
-600.370618848
-458.117977283
-482.424834312
-547.339211853
-485.033329173
-407.066593987
-591.691350646
-538.606728771
-545.284811822
-495.391468205
-538.03652483
-530.140962686
-536.900111101
-547.247670034
-545.497342857
-521.184611146
-495.923551306
-490.861371754
-510.188140563
-545.809945877
-518.118842178
-553.232590361
-548.037886
-597.063992406
-456.915913725
-557.499684618
-568.753471334
-598.912352379
-493.620665437
-557.538641104
-640.84617621
-436.601275341
-634.574321947
-427.795095762
-453.404900269
-511.13827549
-461.060359872
-486.343981479
-473.435100028
-503.237414579
-519.340144494
-605.631308638
-431.11582175
-500.592029948
-484.476634729
-555.779806579
-495.824030992
-488.585614814
-524.951431492
-494.584126869
-559.334049768
-543.626362681
-575.728874855
-471.92381457
-586.460956962
-501.460056598
-508.131249328
-495.209820339
-471.441761307
-478.107080101
-460.827961612
-545.166585849
-518.815482083
-623.907093866
-535.913011111
-564.440705128
-557.150333837
-614.30064688
-496.31458382
-532.317715998
-471.622961751
-544.998931627
-542.760150068
-564.571659898
-483.196970325
-497.418376723
-518.583695148
-512.707905156
-435.942832114
-496.499218452
-566.24027326
-548.591214121
-524.775189142
-607.398951613
-516.807763939
-542.540547265
-453.943934641
-544.714768957
-573.709538948
-558.239980372
-549.735604043
-617.55194648
-562.665954826
-538.915133503
-618.247853496
-414.371205073
-614.060214024
-465.520004499
-479.954722852
-590.0817237
-554.538242446
-471.961061876
-526.701668661
-549.698271999
-544.951122498
-617.125754037
-464.992166739
-617.139982263
-514.509739781
-465.618062907
-499.593061867
-513.790209443
-525.673978688
-533.364748288
-562.142854497
-504.373200125
-502.782648889
-607.242513779
-492.335930601
-485.215530187
-423.125491262
-558.736776208
-496.680904606
-585.887692988
-567.91156876
-441.885050993
-575.130522988
-542.702911537
-513.770068635
-589.514677161
-556.221250832
-490.238584686
-609.225191441
-539.947634417
-481.606674829
-566.521434844
-598.604636898
-492.574500604
-460.884149771
-482.377764516
-585.791909239
-484.356039388
-548.774108929
-528.606800285
-532.754030718
-507.326835082
-468.240358455
-553.429627811
-536.274208066
-549.484308988
-504.153562985
-555.189024118
-537.753719486
-499.652950246
-497.855941662
-532.244327886
-491.978670091
-597.112094625
-539.479751854
-436.637212051
-476.435295363
-501.689993845
-516.746943845
-622.927233381
-531.84765867
-558.604068595
-523.106619395
-449.878952264
-546.199012061
-568.398336306
-522.106220712
-530.31282339
-435.774175061
-511.756407733
-476.699030349
-562.730692596
-621.969963286
-591.670892522
-528.243674039
-501.984862039
-525.707810583
-628.560253399
-498.886263201
-474.244036829
-608.028783528
-527.68631736
-542.187468952
-449.281361902
-479.484415396
-544.115014798
-621.39566004
-588.60385462
-577.53611544
-590.760836488
-513.09034795
-550.438017563
-527.363640332
-490.088142407
-568.61959996
-476.427648079
-540.97347041
-544.09572717
-486.133891135
-509.424867024
-441.08860575
-497.174031242
-474.627626776
-433.127295499
-503.493829102
-463.401966562
-466.510657736
-566.619568977
-536.229764562
-518.878351455
-558.851805035
-466.143147489
-639.753425137
-604.084801886
-490.565369344
-507.2455696
-509.273597411
-459.616229534
-525.14492955
-445.272439079
-531.107010992
-519.358608331
-611.949409593
-458.675141632
-481.256574743
-546.815780375
-501.912294189
-500.540897288
-605.981445704
-516.549117206
-448.063014566
-513.237511497
-463.810341398
-533.867603524
-511.980925757
-461.020641185
-477.547964962
-540.501472413
-415.530721951
-544.469825894
-516.925379822
-469.101607544
-508.009641948
-568.041666024
-529.220809599
-526.646304712
-530.418557305
-539.993394315
-592.626748222
-524.249866147
-482.791035322
-547.24306537
-481.474375145
-459.780596424
-535.640218931
-538.055631351
-475.464074867
-480.71447781
-531.283619904
-519.152590742
-536.074952886
-479.849256924
-516.817666148
-539.111895221
-471.386835207
-519.801481295
-529.562498285
-555.893715274
-495.251484082
-547.084607453
-517.427152326
-523.077388264
-469.882435904
-554.509908769
-457.535688603
-504.676546083
-419.128987871
-526.76888754
-476.343229099
-522.118223077
-519.10679821
-511.113558757
-573.322524249
-505.919012561
-561.183703261
-535.828007399
-503.517308204
-608.994240706
-482.876903525
-563.984432322
-414.960578398
-521.326269044
-567.534192559
-538.231237426
-523.994128345
-503.395997466
-502.085054522
-584.266090661
-532.170739586
-520.328580294
-494.034394711
-607.905030677
-486.812695795
-517.861103013
-494.552280786
-485.59044731
-532.476263844
-433.716667074
-507.836085613
-517.325235346
-496.946124923
-484.200071926
-514.964111493
-558.585453353
-528.266207205
-482.226937726
-535.204507499
-543.845040471
-527.698162876
-524.262781731
-493.798773708
-508.211471788
-511.207570615
-560.783462415
-537.050935169
-542.99712007
-567.341990838
-535.958274987
-522.384446832
-480.979397523
-436.314161231
-511.653227247
-470.230974872
-575.682149448
-565.338242158
-532.271925933
-461.248903446
-524.518595731
-491.860361257
-461.369668429
-508.914749888
-547.672804502
-502.528868926
-439.569820514
-478.149336285
-531.423144658
-515.859114599
-558.411597034
-501.9811667
-474.603372443
-564.922511936
-508.740624689
-580.103810044
-488.461078412
-410.531213051
-594.044623946
-477.747885928
-507.596066067
-596.589624375
-436.593047307
-501.636974926
-564.513417882
-452.60084906
-461.989317112
-410.428166176
-504.676290064
-558.174199669
-496.206246734
-486.434658936
-572.04366949
-501.452566813
-551.739633713
-590.044344598
-516.20750736
-595.317971415
-496.439134827
-535.097508768
-496.466211238
-542.434499597
-538.324078401
-545.536718225
-531.459494223
-539.950099781
-561.941735839
-530.068714347
-533.090340973
-569.390186125
-529.503074528
-550.833072042
-539.727465776
-615.100880949
-556.990394168
-559.43268256
-479.62122612
-550.981196932
-505.547199261
-516.220831856
-558.398005878
-585.84706652
-494.376755925
-518.95033377
-546.61263044
-471.98211837
-585.213824377
-487.21303659
-505.215713708
-581.772237012
-524.417522038
-467.013522792
-567.663422758
-541.383998747
-498.949900717
-421.780969665
-489.074479357
-581.9552195
-523.633240341
-507.664480339
-534.435716885
-469.019827148
-484.355566521
-539.167393116
-537.284845586
-434.853272807
-452.96850618
-543.979939768
-444.47748565
-479.036315625
-522.083368874
-452.249436747
-610.365642138
-577.857519832
-511.771016563
-569.382301025
-507.842675318
-468.824649011
-533.097138698
-533.939670736
-571.732168262
-488.048597967
-574.920823964
-537.741498131
-553.138080276
-549.810450056
-559.305459762
-542.197136113
-454.335861349
-609.943687253
-557.538231794
-538.512022676
-463.712715267
-531.77429138
-450.596903488
-578.43479605
-562.115823615
-528.340817574
-520.285996578
-509.583236705
-470.953587991
-425.050467677
-592.861797819
-502.102691022
-595.344766457
-488.255581259
-566.708370285
-510.492941235
-516.169856554
-518.744041805
-566.31057947
-511.522809053
-516.972360874
-489.342769705
-514.966091845
-534.487207353
-588.797436477
-583.949926147
-543.61854402
-564.051285765
-546.538856998
-511.874314995
-496.280673245
-499.111049497
-487.350118146
-523.752206305
-582.702964539
-553.936876147
-555.733576386
-591.6301438
-519.150944323
-571.110014182
-485.130775626
-513.824012391
-504.588821733
-627.685930464
-498.062135579
-495.100495789
-556.579772669
-476.002108144
-543.56040884
-512.283731937
-551.457340141
-545.101433894
-556.166219231
-492.94276305
-537.7530325
-512.062015996
-585.292665294
-526.939060464
-533.006765296
-521.511570368
-486.036218897
-421.951376205
-489.692489169
-426.184551096
-502.382371883
-553.638670587
-565.398460374
-664.204970822
-539.659587114
-536.057900196
-508.172821459
-574.120352846
-523.13824743
-573.681260384
-486.250269026
-585.197016675
-518.84212558
-629.448279805
-548.510275519
-440.466021402
-497.439325348
-525.416662098
-523.451422385
-617.86134489
-561.233032597
-445.213703821
-564.295131531
-481.673208529
-522.958674627
-571.442105815
-457.504535564
-469.545948166
-426.220720809
-583.744115143
-531.555062129
-514.551964251
-501.835824273
-704.651735185
-680.190812686
-510.612418419
-576.116931681
-530.155662445
-550.921963105
-539.02145758
-548.799005574
-499.169070662
-533.752339515
-515.763197821
-474.188208422
-463.336470843
-568.940988657
-642.378976514
-626.065788213
-544.509344729
-504.990508539
-597.366280141
-549.34733257
-543.984181153
-553.726134677
-525.685508887
-533.233677275
-472.703122479
-535.112229471
-469.596007554
-497.720472516
-611.580900193
-506.370359588
-550.193597596
-511.693915446
-531.550749102
-475.461693235
-540.193640761
-463.206215192
-515.232884041
-496.31470272
-483.489899992
-491.78894611
-521.434794093
-574.965014859
-533.505436029
-453.186396057
-602.388939758
-530.542280231
-421.869246664
-494.758946644
-473.070795268
-486.373037119
-593.941179808
-571.097123518
-520.143172502
-527.493901206
-451.508143698
-529.330995477
-543.019325489
-608.377730958
-475.954349042
-507.040007464
-565.178954575
-495.877780194
-542.549155717
-477.769697757
-556.590792456
-528.178988268
-460.309691005
-543.915205807
-389.418484103
-448.13854044
-472.06162348
-449.119547976
-554.445832613
-539.564662494
-455.986987814
-484.104091391
-573.826082139
-495.764828354
-512.575745524
-501.696595121
-517.933497375
-571.254724885
-549.774775191
-501.835039641
-426.290659429
-512.016266344
-566.635527181
-579.69442596
-515.940555322
-520.241975389
-497.335922841
-420.469527583
-581.085529453
-546.732391591
-556.515956527
-635.261264064
-503.766147183
-657.04771005
-513.19344693
-500.399002088
-529.916650485
-532.373845115
-578.339148761
-573.934804004
-573.80958022
-517.591646952
-512.568590962
-479.421081971
-530.781400104
-561.717067707
-473.225169158
-486.020756016
-598.966158401
-519.391347668
-436.032309758
-514.829378646
-505.624472018
-473.590210308
-475.885514585
-506.012908619
-494.82322853
-552.439550313
-511.650816604
-489.762864476
-551.461099709
-465.722256953
-594.486923096
-482.580931457
-500.880147558
-601.753268022
-607.065182678
-470.564206385
-537.648556588
-557.389113764
-489.173763137
-537.096014039
-520.516650367
-560.628925823
-584.155875361
-540.047685623
-538.115265051
-492.551384153
-510.219328485
-464.38333258
-515.659955508
-426.918201803
-513.494339827
-502.752475923
-508.808787649
-533.673752107
-477.55447881
-627.670936961
-487.954984442
-576.125762064
-482.733637471
-532.672544208
-437.40846351
-549.968232246
-455.119833616
-556.046299232
-542.179408983
-558.270130516
-540.0002002
-559.153274405
-525.913416384
-529.093955383
-500.471562632
-558.435179218
-453.890937549
-479.178615422
-495.001488857
-472.236936468
-513.842446486
-501.634368504
-540.408715707
-528.244117843
-528.345227634
-513.488814657
-570.659771914
-530.762286718
-526.315648402
-478.172070233
-577.198242719
-539.841506436
-516.540485473
-606.888163844
-532.682324825
-524.396860552
-472.529041703
-538.863267661
-617.864096843
-560.444129615
-527.484374446
-542.858967537
-503.69948709
-600.538462037
-528.937992289
-531.400188021
-496.753619768
-520.703342717
-544.16714853
-493.386550193
-485.662854954
-543.017969317
-538.420452321
-529.211681337
-616.972552619
-512.997723792
-502.66520953
-511.958013752
-544.586600312
-420.895867822
-530.40860703
-543.878000747
-507.782968024
-542.695680936
-434.197425618
-625.238497146
-480.076513284
-513.193286608
-611.305455067
-540.975642825
-484.799578623
-529.896502988
-449.936188979
-546.76367909
-542.041006706
-547.471087954
-574.775251739
-541.386041615
-446.671955856
-588.266365307
-550.517633146
-499.307269053
-565.97356873
-496.49195897
-594.76815134
-540.107778451
-499.317672461
-600.0151754
-599.008543111
-612.698977915
-500.097390567
-543.353725465
-468.378728206
-518.343574574
-522.918232749
-494.272591296
-535.363467728
-471.508008677
-477.206073172
-495.071877074
-517.334219359
-548.236902501
-573.422491475
-463.191510879
-527.902854033
-469.025917335
-602.642724085
-539.620456344
-556.385019397
-505.558405159
-542.259181577
-525.790373754
-550.8083634
-522.053750533
-475.4390754
-525.597728518
-625.758690551
-377.900848816
-479.235412838
-572.486044695
-563.8658964
-514.20145614
-504.098914141
-513.19993797
-536.131214654
-504.191229896
-537.089037411
-421.738068084
-471.330530606
-490.393772331
-492.325096382
-439.975482334
-574.629704254
-454.703597903
-485.819876429
-534.939809191
-558.121790744
-531.128678978
-460.314574793
-625.32466508
-513.014927406
-512.739030312
-613.520830643
-534.308584349
-490.514772428
-448.407795808
-517.787758223
-497.490124406
-588.938714381
-599.605252047
-533.517486426
-510.653784313
-514.893539376
-502.148356672
-504.729146736
-547.265933612
-486.76297849
-456.022991669
-485.326419275
-524.987593288
-565.352047851
-571.656529279
-598.886960809
-533.094464692
-569.755062937
-558.343895158
-550.249964744
-568.271333837
-566.509023027
-562.000703925
-509.409581261
-559.973045563
-533.133369771
-516.352020779
-526.992635143
-590.54974286
-535.640602783
-591.296097082
-500.774413235
-447.830908294
-522.959880676
-493.99006948
-495.924843504
-528.9641011
-564.377876866
-429.252711058
-570.476389129
-539.239206924
-477.745612588
-466.375675659
-422.296306809
-496.999188608
-489.589787917
-566.752592814
-483.766970518
-530.330257638
-623.754604879
-510.544265792
-536.063013975
-518.822106191
-425.137307204
-512.441469828
-470.038564839
-574.231129762
-525.621060346
-489.320584681
-524.245414152
-558.201319023
-470.956134609
-578.472764667
-563.103770527
-480.347648666
-499.331594639
-531.820522736
-501.483033435
-564.185632371
-558.14112825
-430.72072709
-540.217783322
-488.86019107
-502.011181338
-516.522099317
-467.254964418
-531.415093367
-475.779011607
-409.481864815
-496.426392804
-525.970324207
-590.91289662
-468.940739106
-600.79323934
-523.50647082
-559.609692493
-471.112716067
-529.886719605
-526.290250653
-532.33816211
-531.02588858
-538.16704729
-546.534853103
-578.371217215
-483.354488531
-466.41270093
-541.941656098
-615.418868835
-491.666635734
-470.814264088
-430.489677586
-477.365848324
-529.459015119
-488.007922454
-523.247814161
-583.367502379
-538.019436946
-581.175376109
-512.946111922
-449.841825434
-549.222283177
-562.111428754
-575.696758014
-477.834993257
-492.092660469
-460.993798767
-516.831021645
-551.420154642
-568.361632485
-526.148684025
-441.664257838
-540.472338062
-473.870723254
-568.855533104
-524.303371591
-528.980127906
-491.401644338
-448.571258688
-566.153968914
-454.126801821
-507.829434515
-453.47231516
-562.522828991
-469.969373581
-560.661471393
-427.917980742
-482.531297942
-463.960539611
-487.689575413
-599.858891699
-558.762777236
-562.28091673
-407.525965366
-500.953626693
-546.853053776
-551.000795956
-508.589286837
-544.758598753
-484.880894981
-629.338186691
-419.932882665
-594.368521421
-572.696041772
-549.941400452
-547.440962051
-491.162317728
-658.831894259
-536.931680266
-498.70736236
-432.447996772
-553.496921952
-557.600326842
-523.185622288
-454.063950039
-499.076056721
-485.37701817
-503.312163659
-490.976110659
-468.897600298
-568.687428915
-532.524766662
-517.413860696
-560.675592149
-496.473170193
-570.663955486
-481.983405527
-560.030458571
-508.601167223
-498.506562534
-519.186093022
-472.185123513
-577.679591394
-540.465245138
-452.649499167
-514.120569306
-517.068872733
-490.358915712
-491.954844309
-521.395481971
-528.49345162
-577.560310035
-517.189825163
-553.502917282
-466.713856849
-600.444077664
-529.181997356
-491.210663973
-616.904777348
-491.036799844
-470.957195239
-505.98131932
-482.254940855
-519.534223606
-515.024543868
-485.467165686
-533.736747478
-518.579031264
-505.342976896
-539.79107213
-442.943284209
-516.571600179
-558.98772668
-511.386065909
-397.254009079
-513.905909858
-498.340946915
-491.592607224
-437.880178132
-490.605393884
-558.415880198
-562.139690113
-610.042912702
-518.685013428
-542.900522578
-588.51916476
-491.793404276
-534.364059391
-563.651481551
-492.684955719
-503.015843113
-571.099586292
-474.378276534
-530.346081169
-517.274680455
-526.482625296
-511.361169795
-516.738943829
-516.672369235
-523.300299169
-529.883917745
-560.13806059
-488.031176875
-526.743927917
-548.038338237
-489.328116463
-495.107173278
-578.618298486
-473.736937167
-523.729334892
-516.759628417
-488.997715485
-453.722865489
-513.450080788
-473.174640081
-525.420627635
-423.758789661
-528.540477053
-539.879540218
-483.104505614
-475.569965226
-495.925034216
-492.679820044
-555.179349672
-454.990422303
-474.669629923
-576.136576851
-513.10918878
-557.445183679
-509.862504557
-547.238808305
-516.405624127
-540.832333481
-631.042218828
-563.231811429
-526.290243442
-485.855799092
-565.56614602
-506.024717784
-543.263602183
-481.950406976
-448.391225304
-504.441674485
-493.114720601
-577.138570608
-586.39331971
-561.648319508
-473.781039647
-478.184934951
-456.378274739
-567.677406592
-424.882061197
-527.335715076
-569.230050222
-515.285663014
-528.433978672
-569.554981949
-479.056161033
-497.807540133
-524.224006211
-451.463636639
-548.803174154
-526.532084153
-514.589962797
-554.43425133
-457.370462316
-498.538287718
-539.185085311
-532.545139314
-515.012295682
-556.400699633
-552.488524234
-460.075166865
-484.664470087
-525.322642481
-416.365647006
-513.78598032
-493.997969163
-470.898874016
-478.431610516
-510.349385898
-525.186407916
-574.289690616
-568.1313898
-575.522522521
-504.2119904
-561.211102485
-528.424151769
-465.015397713
-541.29625083
-498.664060756
-598.837742183
-521.622363549
-533.033159998
-560.938928204
-536.434918987
-552.505836609
-564.095974492
-502.441625353
-544.562545718
-569.470918837
-576.820043743
-565.741398438
-454.259458965
-473.984372293
-539.629131607
-532.133065198
-519.714891397
-514.288305535
-539.957115092
-546.176369946
-503.233477658
-498.143426584
-567.230714489
-504.338633873
-605.447379876
-469.133917322
-487.124794411
-494.990942061
-465.599731709
-536.179985335
-550.740392379
-384.459414771
-511.602157898
-515.174569648
-501.756218334
-557.996619329
-549.215602456
-457.514142265
-559.93804393
-516.05346892
-571.179708684
-592.26945263
-515.479484012
-518.758661804
-511.015543881
-465.821019163
-482.307821273
-481.651773819
-475.17480456
-515.557382594
-548.56718545
-507.130337073
-516.099142093
-555.792125284
-538.094568156
-567.479646427
-473.915813187
-602.25751807
-545.341134228
-598.595959689
-455.022764712
-523.724727778
-513.098543122
-634.180970315
-451.732215174
-474.562743221
-568.228751873
-560.630653861
-558.473501755
-431.386911073
-537.011552575
-535.212967772
-548.594397048
-434.608622867
-549.99294319
-577.967926321
-517.12269089
-553.433092633
-523.733525442
-541.762570885
-572.271012042
-479.660032919
-578.353776224
-597.976916718
-500.903253524
-452.220965072
-567.485409143
-520.824357559
-547.450391654
-505.674227432
-580.904488561
-563.661618484
-570.663628779
-480.749357462
-553.774168342
-539.366328798
-552.477703905
-427.687221155
-511.84781472
-417.470205856
-506.275067031
-606.022052772
-516.837475311
-569.976286157
-473.802568308
-541.274364057
-534.746499784
-514.310301605
-499.801576303
-541.340587621
-528.021960988
-585.94646668
-368.369427767
-557.911812571
-462.414318166
-540.653226343
-513.673391437
-471.079071251
-569.935583661
-505.098930263
-459.044901339
-570.290770614
-595.197004374
-549.725186797
-586.058928784
-484.244190644
-524.979618064
-511.921596192
-578.836172284
-539.36132289
-485.192453834
-452.500935072
-548.854951565
-527.896067539
-552.918346494
-493.12689671
-545.714994591
-576.625714721
-527.862467771
-508.913186802
-503.042853845
-571.167340032
-514.013774555
-572.737209183
-485.853159882
-528.555440266
-485.331686182
-587.997377784
-520.651972022
-495.666742283
-597.001979005
-482.837660003
-559.947798529
-550.563582873
-548.145194397
-486.621798344
-533.172041165
-453.985052987
-568.513254875
-507.051744979
-535.249660962
-564.755258889
-451.866800611
-499.402780327
-512.230117159
-582.118229797
-505.981382187
-539.556615919
-492.660098497
-478.798879505
-580.142624458
-577.513078936
-547.287781582
-446.772376196
-495.552384445
-566.962408976
-514.518879067
-509.604651691
-464.767609629
-592.656351813
-499.603838599
-589.339973164
-509.070240871
-540.17971432
-477.071594069
-500.310249525
-521.787039968
-472.658222866
-551.584000384
-464.3877224
-495.870820834
-445.267272393
-594.505522447
-603.592177537
-504.011182034
-519.270236888
-433.414927072
-500.588818095
-450.427014907
-516.857604342
-518.133247956
-500.432496554
-477.141942495
-541.926582477
-491.482000682
-627.203489491
-528.449033913
-507.229676215
-533.688015235
-608.4906348
-490.686444026
-543.4878844
-544.677088828
-468.013844946
-594.824869166
-544.484455377
-535.376421184
-519.514771292
-544.285029159
-440.267517556
-487.09651621
-472.652869258
-589.444468512
-503.757619024
-486.007327439
-544.224071861
-494.57994774
-510.071893462
-559.146705172
-637.402642949
-445.721534185
-544.891163888
-509.907845085
-532.462887442
-504.109010918
-488.180550195
-535.227035191
-612.749200226
-511.361758554
-560.633487282
-517.640536793
-506.149731812
-465.914996386
-511.15681577
-439.547787621
-497.935578419
-575.244664696
-515.879962178
-470.681612476
-528.459494767
-573.99075898
-474.606742595
-497.346648793
-521.182888891
-622.325562524
-464.429873248
-444.59037769
-480.503980442
-579.022472449
-485.134148971
-504.944578734
-481.323365043
-561.057718211
-512.696814141
-584.697672397
-513.614788244
-453.494700631
-558.132256368
-583.617973306
-448.180539337
-602.188184371
-476.405071423
-522.095663924
-489.883532374
-483.431704349
-521.615871695
-462.98059315
-455.744885861
-498.422245795
-537.985734562
-556.282446995
-529.872640092
-474.12828481
-490.55525973
-559.219751099
-487.474073869
-529.484336751
-417.491097752
-548.284886102
-462.02740696
-567.821714772
-458.6855069
-507.534335424
-539.550122387
-611.93680048
-568.262329154
-575.717318501
-439.172183633
-428.517918165
-583.123388861
-575.620154516
-524.227582506
-530.010411956
-521.874611638
-672.296977464
-597.914556423
-537.902997163
-493.875956993
-473.869952925
-552.620064362
-469.544552947
-516.274754137
-475.465782789
-561.67131779
-566.987766461
-578.937721515
-613.763248314
-614.048450169
-467.749366991
-485.760923369
-465.756868276
-521.205106752
-457.478009887
-506.58048884
-463.802460097
-464.611752551
-552.68990055
-494.249421689
-564.658661401
-485.953895676
-478.273244649
-706.537974988
-534.238613003
-499.282599877
-513.167194069
-432.717123591
-582.946176605
-556.143398721
-532.929183572
-543.633491669
-565.303810073
-457.959998695
-587.276210277
-545.644381432
-588.707463704
-574.047814543
-554.162782838
-665.031710884
-486.665415873
-491.015809761
-562.325566991
-524.466816006
-608.348775536
-414.175189309
-541.429878499
-526.353990469
-499.425442576
-520.171092659
-489.190249946
-503.228227746
-460.154304438
-595.019594931
-553.613056103
-521.772398774
-601.497725388
-480.591681003
-461.862536157
-548.565729918
-515.846102105
-510.889278552
-498.716071051
-559.840281127
-546.109147826
-486.723553271
-525.258796389
-543.888749874
-588.534394534
-578.07678943
-504.419719597
-500.950644579
-566.458447229
-514.584556225
-441.903521796
-476.262115564
-465.59203421
-601.042364988
-546.581513576
-528.907564351
-549.658194442
-573.732772012
-573.945030279
-509.64730918
-573.246056852
-512.317083805
-573.145572845
-552.67743759
-503.35105617
-463.700031739
-466.389691227
-503.676982278
-577.353590731
-508.0525541
-576.604851337
-490.273365676
-504.270020907
-532.092287698
-508.318655084
-492.766783285
-616.239443406
-557.76076079
-569.864206244
-442.684843676
-529.456657775
-566.260813554
-567.04411432
-543.731920132
-520.178088419
-510.098670003
-572.532605199
-434.546926306
-481.62587778
-454.836067056
-559.607876456
-504.579666999
-479.72806029
-558.97903614
-541.833290388
-548.459953904
-483.595728832
-574.207593502
-580.253549181
-508.274955715
-523.029826336
-494.882482109
-604.795923066
-486.995583589
-487.913648165
-495.860286274
-508.947390396
-447.817898789
-559.452946563
-567.757468411
-539.026094974
-503.825617645
-551.390171924
-475.689809888
-462.626781205
-546.526068186
-483.522220986
-581.996984341
-502.409612926
-500.740606407
-498.561936881
-569.423393708
-531.864308745
-557.781825236
-551.850574717
-518.558870599
-513.357544768
-535.314000825
-456.974167405
-456.972956107
-545.254376515
-515.722714593
-502.977236383
-568.913666057
-510.111575977
-504.751187878
-556.335402041
-515.160143259
-526.774950519
-583.645234843
-615.153087611
-555.407355219
-531.231063252
-568.199083742
-493.93215587
-558.024974053
-490.17385838
-574.965374484
-524.087833646
-539.123909427
-522.366533525
-513.488454355
-460.745233895
-503.891493849
-578.369959883
-443.911122679
-555.197828102
-456.965039293
-497.811992747
-505.625872824
-504.420900529
-510.587116529
-513.502504385
-593.020855483
-494.122054789
-527.673228636
-561.580249023
-584.036243262
-560.487040933
-522.212130904
-550.637407255
-493.967657635
-482.180374838
-523.486512614
-536.98810394
-577.718151522
-548.85140539
-522.553034835
-519.966045826
-571.598082932
-470.040648994
-528.582502437
-509.851805192
-476.333397696
-459.070676088
-534.078215917
-506.305509398
-485.116993315
-522.699086203
-570.536669678
-550.042047401
-598.067822866
-537.239269192
-563.777682307
-576.622589394
-547.935108821
-494.813740144
-489.253048124
-455.282391122
-627.60228868
-597.251370164
-497.314086297
-588.4483129
-506.478880974
-527.445638239
-596.088921152
-548.142609709
-578.058254968
-531.651499218
-441.624968883
-462.274177058
-562.687452895
-512.304679799
-540.650300399
-572.779434479
-533.792224917
-560.657041504
-580.002912493
-512.56063604
-566.699311721
-583.091831232
-537.363398578
-532.884893983
-540.647365719
-485.376699635
-580.394155198
-493.498740578
-460.800477433
-558.387989298
-488.284330456
-556.857092837
-517.338763031
-540.881476289
-444.101285569
-581.913841528
-546.860577985
-495.860860169
-621.338548751
-521.943574817
-526.319485885
-504.98021454
-509.638798762
-494.182959439
-486.861031746
-498.75616283
-623.711583316
-477.389635704
-449.624072095
-553.912158312
-527.843622169
-506.6156384
-513.269474698
-479.67323758
-609.328739495
-498.528816028
-479.600138953
-469.573900647
-574.031335387
-466.816294227
-521.02050318
-580.378262653
-528.336671528
-593.001687552
-516.402744416
-554.433579601
-560.757279616
-490.000577041
-490.825011805
-472.817187925
-508.431985674
-558.868883252
-561.444501765
-508.584137967
-541.362099649
-541.371055037
-488.592741664
-509.314005291
-537.233292547
-522.626546385
-539.128744807
-533.801046464
-494.735947238
-513.121307629
-446.064849168
-537.407946188
-471.24027194
-507.788372993
-537.487505066
-508.533474289
-476.01868031
-500.15446808
-563.280354211
-583.710697202
-496.17322476
-566.404040319
-566.679600915
-533.039485717
-527.426860299
-553.253494007
-456.695777559
-594.491627951
-477.541374809
-478.005198769
-604.171009195
-525.52269201
-521.099898912
-573.277781695
-544.065774804
-547.549707711
-530.910253818
-493.289987824
-552.426075038
-509.715201478
-517.825152058
-537.673779472
-466.575974112
-583.703289515
-539.042511696
-506.735022624
-488.866452114
-556.88110179
-531.433124983
-551.718150107
-499.66985068
-575.464397255
-662.185464529
-521.033756944
-465.043714587
-519.920892245
-522.534739722
-516.432597613
-566.901883281
-434.686084611
-536.988762703
-510.513994954
-586.15913067
-549.400637658
-504.08331356
-565.965479226
-569.386834893
-490.740978267
-417.826338019
-483.361350945
-484.130733217
-439.735873635
-492.894462895
-526.036219541
-484.970879853
-507.771768803
-455.568655876
-582.115587736
-552.29450794
-528.28188747
-570.752893482
-490.580091731
-556.704736514
-472.224861153
-510.664940637
-527.879383307
-595.130056879
-478.231412903
-591.718571044
-484.786496992
-558.434935791
-514.782965583
-446.636701554
-547.922841759
-591.660900296
-475.856299331
-483.980280091
-519.904262343
-485.382654434
-487.491971371
-590.723439655
-514.175714048
-414.889061805
-464.947200677
-534.549230026
-524.509268615
-496.63518853
-563.199597254
-544.946163917
-484.416689547
-561.024189428
-594.540045745
-489.920479474
-417.92085785
-567.828412296
-565.991845721
-460.638729519
-546.619605789
-505.546514111
-555.916362965
-563.013428967
-461.92959532
-492.472358642
-546.395239134
-578.018962941
-551.85744046
-549.740354803
-540.886789021
-555.326568726
-497.411905801
-447.460275347
-608.986999396
-471.043744227
-502.847666082
-470.197662136
-490.675276757
-476.778433269
-497.322419052
-550.765912435
-474.215997979
-474.192373811
-540.584206174
-634.956465347
-503.930231782
-535.042199658
-545.429035063
-550.740173386
-484.90645108
-502.152402691
-530.909977863
-541.968854732
-600.589973195
-638.906678207
-489.539383637
-463.131955877
-535.658490008
-490.091989075
-550.788386789
-597.163081949
-477.491659048
-580.567990722
-500.250117773
-521.497845969
-529.702086828
-587.245036085
-463.732097611
-503.607444098
-487.338859611
-508.318722156
-528.72854237
-545.875194372
-513.033781284
-607.542511502
-517.77627476
-487.586408251
-481.78619211
-534.281522244
-566.652443941
-577.6645082
-478.102408614
-528.164909605
-647.344839913
-526.553356729
-504.782629237
-544.443929766
-515.995576606
-565.386206426
-486.334776884
-513.344264822
-520.096433218
-493.421988555
-492.836644555
-584.229475863
-489.557156656
-494.350269493
-549.273850766
-465.720459045
-467.509389582
-495.707701313
-529.40226015
-618.521781835
-534.753362639
-577.868920493
-601.542230964
-567.765285533
-504.399403387
-567.43484513
-544.137783596
-610.136861489
-524.328420074
-527.23415697
-512.629750189
-507.960273813
-551.183171687
-619.149122086
-519.990446171
-434.596049531
-465.581235012
-493.386298983
-484.406239755
-561.792483884
-503.900919007
-547.503257295
-397.502074827
-519.016254611
-474.963464864
-531.631889594
-574.931922009
-479.919628327
-583.307532426
-560.331196199
-457.079814648
-564.025618144
-521.008989306
-605.877575908
-493.619821904
-464.569135055
-617.974931545
-428.502940978
-506.081291466
-467.041834359
-536.523114654
-516.794208188
-533.454375186
-535.458215493
-633.825373289
-622.195258915
-493.895286679
-570.326522872
-571.173356875
-594.544167604
-507.817039587
-598.944367309
-441.444255016
-543.655738151
-407.814282252
-439.483651524
-516.132062211
-526.394511148
-603.596016451
-559.705265377
-541.112953582
-544.060795817
-546.609239282
-619.120825473
-575.602962388
-623.140044344
-506.814097684
-494.456998989
-503.789505797
-443.8587697
-429.042573228
-527.44929887
-524.729606645
-550.661084508
-504.5117979
-442.771076606
-528.799209714
-466.073929905
-521.020833872
-530.112451636
-543.478234658
-522.859823678
-494.269451211
-529.674711417
-486.869834202
-555.556087149
-511.040199439
-547.111056278
-525.915774509
-464.290161324
-565.498978981
-568.265966367
-529.584155968
-512.271836242
-461.085795526
-538.645960109
-522.250152748
-501.688149214
-524.633173931
-483.282742668
-559.135411957
-553.10113047
-598.114221825
-595.10132597
-602.554466603
-507.142317297
-533.653260069
-596.194131028
-549.355119534
-608.954584138
-459.583298157
-552.245449594
-562.248194716
-522.036042249
-602.179156076
-469.101828936
-496.747795616
-498.30674584
-516.752948072
-536.843501488
-495.928025717
-434.214577897
-516.153291653
-494.744200453
-562.466512665
-473.714761844
-522.504004016
-534.357655561
-556.509816131
-511.081076105
-568.708981933
-550.478486187
-449.285927771
-559.786487817
-532.517801386
-455.353720508
-532.716845083
-537.583949559
-459.874565493
-535.758849791
-472.021892097
-509.281484215
-504.625601326
-481.313413566
-571.946497461
-490.840070771
-517.546087
-524.376274732
-474.335970285
-565.311126073
-580.751845123
-489.825526571
-515.619506282
-550.883385472
-474.569516052
-438.139271845
-495.519268147
-474.802328089
-464.693226138
-553.315597883
-549.177515164
-547.70098679
-559.020839107
-533.151132892
-518.571633768
-506.639269962
-566.41745934
-522.86103121
-499.536913911
-511.211112708
-491.567672941
-472.585606241
-536.917216551
-502.047334423
-526.499970616
-477.145113302
-456.916420709
-534.814477175
-460.99108999
-536.460806359
-518.267283061
-450.76169468
-562.800592781
-530.310000163
-463.691481036
-600.9209711
-509.905735406
-534.390675207
-523.745215336
-576.634518087
-513.841754537
-519.752247928
-490.237535138
-483.995090546
-621.31461799
-495.324531946
-478.161565434
-538.187063582
-577.676381758
-573.521393303
-549.628591832
-547.341150216
-554.443803869
-480.331404103
-488.652409775
-499.319164717
-550.850562895
-586.76033435
-497.402416549
-496.612931576
-467.588142
-471.850916618
-481.889055439
-632.204470186
-553.719977449
-535.029893964
-488.077084347
-573.325732257
-580.80691415
-559.338558873
-475.303163464
-605.846064456
-554.4125776
-536.213742622
-519.822119473
-602.888698347
-519.895295283
-581.593579431
-483.833573958
-525.146479802
-550.066567677
-544.286393027
-452.108949153
-550.642454191
-527.195699192
-484.244770083
-570.868566327
-502.911447551
-472.339957705
-529.083337597
-470.900287369
-580.032650266
-522.278990982
-541.956626389
-503.512803384
-470.375488047
-524.601889699
-540.276712635
-551.945871254
-557.878379066
-465.866084619
-499.982406352
-664.900960345
-547.003353866
-530.394023571
-516.249919614
-478.069899313
-518.966282138
-505.394772081
-471.397759673
-569.142055747
-503.423907624
-606.733254093
-542.41782699
-507.203440046
-473.476726195
-450.327709017
-522.221076411
-442.441890403
-553.509708984
-556.763770405
-552.487404253
-460.954963298
-454.409384348
-556.836822302
-548.208982746
-469.068706843
-658.920770001
-511.195287129
-601.416494789
-545.853738391
-525.442306247
-523.476596562
-497.628266002
-581.636192916
-446.939170343
-513.074045016
-563.85924334
-522.809820218
-600.507684889
-544.632120105
-452.882171067
-517.577567845
-463.40104271
-488.039819912
-657.512511954
-579.391393177
-534.430094593
-510.309399682
-585.986460523
-465.729164851
-490.346923212
-515.135142141
-469.868659729
-472.805704607
-542.895272177
-567.977828896
-513.090627061
-505.456371986
-501.313959332
-558.179985126
-502.827188256
-510.231919421
-543.812604376
-556.019724739
-518.944265194
-536.83452051
-474.751975319
-463.099094593
-508.955387399
-475.915430629
-647.687185973
-486.750254655
-456.056037455
-534.206065674
-491.535477175
-526.874103969
-534.368836841
-599.401303897
-595.812980532
-491.687999219
-491.151954872
-540.023706075
-464.381078714
-528.319079546
-458.785775857
-538.608750781
-386.162717956
-502.452602644
-508.722302391
-571.146901472
-537.704459309
-547.402924644
-580.852456444
-634.035887858
-540.529274605
-537.743247504
-513.02204866
-501.050679806
-497.876017773
-639.411263069
-567.471208701
-512.250142329
-583.834850873
-488.507647265
-482.099366336
-540.784281694
-467.221291748
-546.281436438
-580.190203868
-517.488145062
-559.068161027
-444.9431502
-507.373887604
-586.806136102
-501.375624498
-424.142207042
-490.4864305
-492.018314561
-511.375336753
-489.825689856
-525.163901027
-553.365554526
-431.639789563
-566.736695283
-521.422621258
-549.922119602
-510.788631263
-569.635004551
-560.624288019
-551.537967589
-530.732109004
-541.075256164
-580.274385943
-503.757368062
-549.076504301
-487.580088013
-440.43684242
-522.735079728
-534.495828994
-515.667116622
-503.575992497
-579.080506617
-493.520991922
-560.642095506
-601.590645521
-528.761613415
-517.569254049
-517.137356677
-558.615857089
-632.221491047
-580.423127272
-598.035874581
-571.455363924
-519.949065674
-501.991640737
-542.412100143
-536.978428937
-566.767737819
-495.567830716
-442.765372554
-467.447609177
-475.485353802
-509.903676653
-632.00220755
-542.088972247
-587.055112107
-503.449203806
-541.225022367
-490.229138836
-436.968557183
-498.985734819
-509.285779656
-500.02338096
-557.130679432
-507.004096095
-525.585816284
-494.560491929
-547.598301282
-539.486270321
-530.84704052
-618.670643884
-574.165338343
-574.289695364
-550.319225006
-559.351471933
-570.498532947
-518.054469945
-515.59957948
-467.333294867
-544.954432219
-527.880113182
-499.579926202
-554.356201977
-564.556423385
-589.540786533
-501.196087066
-557.729124381
-494.202729034
-527.596859481
-522.457941843
-507.022100595
-584.356442393
-535.603981374
-484.320172931
-533.787143968
-532.927531824
-434.544933181
-527.306098925
-518.345937497
-604.214194244
-555.117570011
-496.744318683
-605.94891517
-599.710583005
-551.01927041
-522.352657013
-601.953057435
-579.127740244
-460.942716552
-547.95015994
-445.835493531
-465.551781961
-474.724542308
-430.065614253
-631.005317766
-549.556412145
-497.646752015
-525.084780845
-515.098210989
-501.611412168
-631.063749051
-588.494325712
-529.426447675
-541.033563253
-593.734019146
-519.451247223
-597.865635118
-453.140203036
-481.941729669
-516.76854189
-590.18124824
-509.127453417
-435.987246683
-518.109096414
-618.618148685
-513.073992921
-461.029987057
-482.178366866
-564.366693524
-596.210705071
-503.059995302
-554.848924955
-635.213440922
-438.075765065
-465.06097442
-531.149053938
-538.528937616
-512.566085087
-541.119825546
-510.679348024
-520.311505404
-538.018084544
-418.096644651
-429.344024219
-558.769138699
-496.762823618
-499.741504085
-493.327131865
-548.602014008
-500.258055144
-538.03133302
-479.922115235
-467.128318847
-491.080173446
-512.294966406
-545.601011711
-477.6743009
-546.773189238
-563.351206994
-520.863128913
-451.608655473
-514.097387878
-564.39981362
-467.798469495
-586.428294301
-543.856815202
-421.971937047
-601.450144996
-531.389965452
-580.309662735
-532.939330108
-511.231598352
-578.590316984
-562.314260866
-482.456882729
-545.300326077
-595.289997639
-533.596511172
-481.639120785
-582.383523784
-508.528589708
-483.34380782
-571.691768413
-556.308861784
-504.040177136
-520.404221807
-566.762002326
-510.048443172
-603.999980133
-498.388281536
-486.250108737
-534.963677873
-549.895133787
-478.826850601
-545.288239063
-396.964519807
-543.714730585
-558.460433464
-449.527671664
-518.962503783
-600.569014135
-558.647619932
-434.14738692
-479.991207566
-488.867984758
-601.458898248
-522.803295485
-536.624479898
-545.015989199
-531.446530446
-498.762823554
-588.186475264
-503.015255444
-446.158592942
-491.764927179
-581.406237481
-550.586136408
-548.648538626
-561.439353588
-531.249975583
-501.845315494
-628.034959837
-586.237125852
-560.032491163
-605.312647115
-549.635786506
-553.811962535
-537.812639118
-485.619608401
-478.031961397
-489.695357535
-501.315778358
-539.483095297
-423.861718413
-553.62058452
-497.416843434
-535.945040028
-499.954169835
-487.206563434
-440.54326052
-505.674513218
-638.245353065
-469.787540244
-458.020321707
-536.803841107
-565.111992032
-427.440478401
-502.033876784
-519.436306959
-579.265791348
-575.090269934
-488.021814502
-506.805510236
-435.831720981
-501.725475546
-501.948582791
-579.747825813
-569.114325613
-487.427429825
-433.339661079
-485.312450433
-499.393281622
-553.626211831
-564.552434494
-503.053028904
-521.142646419
-604.944806238
-429.591083646
-487.829083246
-480.091367449
-475.673444358
-557.445899934
-421.374390081
-404.107911977
-474.005840495
-493.608483005
-436.100560041
-464.034929388
-434.089183749
-581.57771955
-550.229138138
-566.678798563
-578.220472978
-483.856296026
-566.901394305
-553.585593431
-517.939953749
-566.56105163
-447.815195765
-585.352784751
-427.246083192
-554.287616491
-529.769897219
-566.868492295
-554.675277193
-575.976692916
-507.228351633
-500.445811889
-513.706644087
-525.568309607
-491.085005119
-526.806645209
-508.698043361
-508.582354741
-504.112161357
-561.632539864
-547.213947684
-574.49622191
-454.448997031
-554.772189836
-476.868506217
-483.936454153
-552.737724903
-423.804417774
-484.355527666
-428.451056732
-547.382640706
-497.829520467
-477.376619188
-544.095235315
-491.843735973
-516.455255497
-547.816854043
-461.828725352
-481.994053678
-517.028194225
-507.185300968
-457.214561399
-545.490896979
-530.969156688
-479.162268033
-454.134540745
-538.453798217
-518.108409164
-502.390531019
-522.216450906
-574.04519241
-551.923776533
-469.273194652
-538.015261863
-496.27472781
-494.627976812
-534.032653445
-534.325272704
-499.130211193
-534.685176576
-540.705692105
-416.77174785
-544.696470739
-557.475299724
-557.718663363
-436.086088584
-516.928199353
-431.698938438
-529.033436548
-428.925490356
-556.316344974
-581.866805086
-478.560169503
-530.322994337
-542.225609885
-517.784891398
-486.583958622
-445.168999333
-576.350761629
-536.913341791
-489.912008596
-518.418535626
-471.729773328
-506.503528205
-527.155020214
-516.836440468
-617.88334865
-569.802106667
-475.805230144
-569.010288564
-482.93464154
-448.924596703
-520.784280876
-565.56899751
-471.116718991
-468.58450335
-456.719702476
-505.233836537
-504.291449432
-482.177440464
-550.871679785
-524.788377337
-590.830772347
-645.016332309
-443.115099625
-518.705799712
-543.999320677
-535.723989607
-433.155071457
-499.045366151
-535.288992345
-496.167375432
-500.597241106
-403.96433388
-482.782768373
-476.830664032
-470.814271862
-548.100545233
-421.384481594
-523.608955927
-574.769919493
-548.87534197
-548.064294219
-453.316689599
-527.281845275
-491.712827325
-456.513301928
-479.707531404
-536.63704374
-537.190503172
-518.253285215
-442.381793291
-542.29914903
-460.826510194
-522.947318329
-415.789656808
-570.530470969
-562.355145578
-579.210238974
-568.593193315
-471.877973601
-488.857587886
-522.228410918
-536.222575705
-516.759152438
-469.2270342
-596.631615013
-493.104874721
-513.649611106
-450.866593861
-550.25963717
-454.746858038
-553.049676132
-545.585436015
-594.11167221
-519.127893245
-414.649453074
-460.98621214
-619.271227144
-585.42483918
-518.661186613
-486.805350108
-519.17284039
-506.802450326
-527.390366178
-480.709553149
-628.164664954
-567.160687369
-457.981511004
-658.441937972
-477.188340696
-516.228768631
-551.198862389
-454.394798632
-617.907799543
-542.727653266
-521.448927289
-576.151308737
-515.830841787
-478.262918895
-533.146159751
-553.230534718
-513.79713104
-461.529304545
-470.894528114
-479.283264409
-592.999498553
-425.629261533
-495.341576572
-578.145626131
-532.0053512
-618.148116481
-430.605510149
-435.235143901
-512.403047077
-486.922481608
-603.240071025
-529.558994934
-514.080233811
-482.360706996
-492.418231913
-460.458948052
-488.826750233
-517.590366422
-558.277636874
-512.7965409
-456.847419911
-526.07017001
-491.930587811
-561.381868503
-514.752913768
-578.58113151
-481.54326727
-472.761082979
-495.322170935
-508.725770425
-517.222635293
-433.37916122
-428.424588643
-546.039966574
-594.241201305
-517.404315098
-477.861171332
-487.863316116
-525.242777989
-511.188059945
-614.734356479
-506.09020338
-445.905196848
-584.412772673
-470.089757877
-507.589424481
-516.574420524
-504.777765867
-431.66940724
-572.061898164
-526.351867588
-504.863417739
-507.072675197
-558.831223158
-467.857621425
-496.513484362
-427.196271617
-565.054266801
-591.865175881
-500.225566711
-473.600656894
-617.683743548
-462.243290399
-423.676968355
-474.640425388
-554.396527305
-552.024656248
-608.487700716
-519.823560099
-528.136487293
-546.794060754
-550.356768924
-532.961119004
-556.130629286
-506.847191509
-455.888957102
-525.964180408
-495.36929672
-442.676574968
-553.405506578
-583.981342308
-523.527519108
-566.428138261
-494.429603833
-438.543107451
-516.671908304
-425.521783982
-463.331399847
-544.100293387
-523.786902196
-538.142717013
-508.502287699
-511.087074131
-593.789651533
-533.976139739
-446.824506848
-479.32859903
-565.389975841
-500.634973755
-637.981510563
-551.873239296
-582.937193724
-487.895517469
-519.423801871
-517.664249937
-498.987534304
-580.981554599
-543.766243184
-540.121424911
-562.711428568
-508.041195565
-501.99198969
-484.569313329
-514.017529535
-512.777903234
-639.149354677
-410.373146683
-517.57586219
-539.960383469
-578.355074747
-587.006240946
-550.270691545
-573.423622239
-541.967813907
-532.195491245
-592.895485688
-650.541346536
-536.465019957
-559.138157135
-568.354746965
-526.774278419
-555.462767436
-574.173788037
-493.931401979
-535.790844231
-516.262337315
-550.544362851
-593.458624826
-500.137959224
-537.501167325
-470.863279018
-621.934020834
-509.384882221
-548.225274452
-549.210376049
-475.372344966
-608.655106059
-504.64198559
-493.853254169
-485.745190259
-496.079270329
-588.354615692
-485.724878472
-557.205977219
-502.705285093
-488.62608728
-474.586113379
-601.201531049
-627.346093821
-549.751510918
-450.1951488
-508.086994188
-596.493835534
-512.645061932
-534.122855683
-503.926332877
-497.785992383
-538.3469542
-544.665315773
-511.006386015
-481.180478567
-547.884594462
-537.460662008
-523.652907328
-533.640367945
-603.612281042
-463.283192462
-496.486479587
-514.375377386
-541.510357912
-567.700945918
-500.969035942
-557.029815057
-466.651276655
-547.612824548
-510.969646268
-514.889491229
-579.711753227
-501.145215937
-502.381838417
-432.120433401
-563.310974103
-521.444110016
-481.444114696
-527.828805148
-472.620624886
-454.591385177
-460.855045349
-553.541912519
-524.248562105
-587.303940847
-506.583852456
-492.769818914
-516.177185363
-468.616832132
-584.831095177
-506.639518016
-471.977643001
-495.629894131
-459.562319962
-487.848195375
-500.064261341
-492.861451166
-588.870491809
-492.067088382
-540.805322368
-481.802635223
-487.958543558
-522.529481259
-549.257836337
-486.938444948
-478.513489216
-492.515896877
-624.025281202
-533.02518725
-556.799067241
-503.273472532
-495.079298317
-490.103200346
-602.22318437
-581.455011503
-422.059095894
-587.984747294
-586.060714501
-559.469290286
-557.231356408
-489.19346691
-579.570104373
-506.115612922
-536.946892258
-458.839032093
-467.093257814
-465.906623559
-496.099502194
-635.253541655
-569.514792988
-470.134818402
-609.697233047
-570.050455897
-490.622684545
-553.316888962
-506.328144368
-523.455941903
-519.292067284
-558.581264263
-569.67551713
-564.411830533
-496.470255948
-534.054098307
-633.261938536
-556.812371424
-484.063469231
-507.274767918
-522.370562879
-475.457908923
-536.599352134
-553.15846772
-485.386495977
-563.600942401
-614.980275188
-503.548487891
-587.871285636
-474.144091823
-600.32553781
-516.20046229
-622.754182193
-440.454676342
-509.521985303
-592.909659245
-594.456554813
-524.462814635
-522.287199443
-548.152107282
-517.664702471
-520.241932838
-532.75995835
-525.853305795
-566.39942348
-467.153477444
-498.882663245
-596.873887683
-550.930641647
-562.607828821
-541.673530531
-571.522957341
-573.734991559
-585.593072984
-535.744760914
-511.817468276
-539.33110462
-456.740196734
-586.29482817
-535.026015818
-539.169739565
-542.037986078
-453.447992778
-578.825053584
-555.673635589
-530.472686619
-511.732783875
-514.586112276
-506.711106658
-540.490304162
-646.003815969
-454.985669456
-492.044969001
-475.866609314
-535.891895519
-475.47691307
-451.932458574
-516.311848305
-453.507553463
-579.377705541
-502.113382689
-507.87725125
-496.391721631
-412.792411754
-438.892991288
-568.55754505
-444.152499921
-544.141299802
-469.060870276
-566.177013122
-546.311627679
-481.448295933
-439.918201809
-509.622576989
-490.891453934
-538.276214307
-715.496032973
-601.657633969
-562.047218374
-594.134885778
-507.648338325
-570.86383029
-553.571263869
-521.684191478
-500.363682103
-536.671544673
-460.069196889
-568.001321082
-495.289244124
-507.301794908
-516.537298888
-559.13720508
-512.376030677
-455.351465612
-539.244943414
-484.743269193
-530.143089026
-516.411173275
-556.92603698
-493.902477164
-577.828317973
-530.999787736
-445.507327234
-485.639661012
-447.974740842
-458.768774414
-525.995723083
-462.799702892
-490.934138084
-502.65529358
-585.023471493
-506.664869734
-559.072428787
-491.545691825
-436.735924302
-648.856003931
-456.664056122
-591.144303692
-464.448494236
-470.443857462
-582.793443807
-540.469922017
-450.153760021
-516.544024368
-457.365926031
-496.422179283
-563.609140832
-493.211565536
-511.331560527
-634.043578097
-593.267691832
-504.577449409
-586.593921278
-551.899277913
-459.291315358
-566.701989642
-494.809827631
-440.98016728
-500.150969895
-547.737603662
-510.381698751
-529.138303737
-433.068700239
-512.708445251
-554.175871818
-537.015524425
-512.186239811
-610.622197467
-524.744494875
-537.292506669
-556.23542971
-535.796019569
-510.897308475
-428.410743256
-545.562899051
-490.806691286
-538.133748051
-566.387467053
-504.994668758
-510.469343148
-530.892629267
-463.823101316
-617.946595045
-523.989810707
-465.089696275
-515.41534422
-502.923152927
-584.956578604
-500.766003196
-485.545824075
-433.148604665
-479.920460372
-494.464859975
-546.081865505
-519.20976291
-520.329149294
-530.876463974
-537.59761767
-625.104099437
-558.013713653
-539.1765355
-500.473730983
-505.280408735
-618.793512947
-441.376954265
-495.022951331
-501.384097776
-535.664939012
-483.527393014
-515.583070887
-532.964360724
-491.163562515
-496.205451592
-383.662367196
-451.049861806
-479.366633196
-513.47144966
-559.613224951
-612.597517279
-549.051358236
-559.351634643
-491.377957764
-571.326745451
-442.558273399
-508.488426201
-525.37917575
-500.959364155
-421.411050396
-550.612798474
-514.440728134
-497.372551592
-493.95769714
-502.890008694
-526.540293347
-482.976940467
-552.384175138
-494.450238241
-503.502027819
-521.356728221
-503.036767819
-575.380086106
-567.01561752
-505.707777384
-614.143979254
-537.485342398
-514.593794916
-489.165884916
-528.310414824
-502.905882471
-474.860538466
-584.302945095
-517.939430086
-531.691936319
-675.089432569
-548.666531638
-559.49872972
-595.225721049
-518.496091369
-576.187434688
-468.289491127
-429.545927725
-572.084739888
-455.127307237
-485.834144568
-589.308926774
-628.187015736
-534.19573228
-540.097049219
-614.338051352
-549.289563403
-611.989016095
-560.524316418
-624.461799207
-512.320807178
-470.882085217
-614.520587099
-602.381478252
-461.912716062
-584.851231332
-438.810765495
-543.095565024
-499.767694536
-547.298587199
-549.755475209
-543.067361018
-603.343509547
-524.331880875
-536.801551502
-542.645934632
-490.850632124
-528.878297111
-519.948593327
-584.877792753
-548.071991105
-539.174613419
-552.867464179
-461.802542476
-591.883661354
-523.566535147
-545.141718264
-475.337234223
-436.066432789
-511.75188862
-480.549983979
-528.404766798
-535.963525494
-562.050801471
-567.997538649
-557.695450618
-486.327192899
-435.993954993
-623.730345645
-597.551618401
-578.444736821
-472.918934695
-526.026081327
-555.239944058
-497.926632002
-534.722499124
-526.314804569
-525.37695618
-561.165912847
-515.7741235
-530.830206502
-457.88272461
-515.037056075
-486.478511237
-591.736473626
-483.330924668
-532.602029457
-633.394774337
-528.254227172
-585.866366436
-506.116122408
-549.234943419
-476.527228852
-504.064493314
-450.841473542
-484.166555036
-559.324390833
-499.937622015
-450.916209788
-519.918082805
-578.942188657
-519.767463973
-436.63925915
-512.445960877
-430.539175912
-571.587901845
-544.312018786
-528.979603755
-509.925677371
-429.194572481
-530.227066182
-481.617278146
-505.451669947
-523.999623118
-501.367741127
-511.709398188
-520.217608196
-526.644849148
-472.09503739
-617.949929178
-594.736709717
-613.647533766
-510.461606744
-540.333319939
-561.573244214
-479.032029083
-508.153331377
-584.600814842
-533.143725142
-509.904624295
-506.891468759
-581.186700297
-539.863653696
-533.027464602
-585.780642769
-490.259021532
-527.534929019
-510.313480945
-528.549461287
-475.533103993
-458.817463315
-503.505437903
-528.08649413
-484.19393625
-452.717511207
-446.4275631
-530.564071483
-518.53822606
-488.341273248
-525.5775933
-546.046371119
-534.519972181
-560.547144909
-468.162121333
-490.486729916
-526.979517067
-502.802944321
-562.77029934
-565.048338656
-582.619783171
-453.449482344
-481.900077198
-503.058051596
-551.510738271
-541.42146129
-472.033083094
-476.264973092
-647.27738935
-563.228731548
-461.066788509
-597.751145824
-407.822040658
-523.263523431
-534.077874986
-542.314956103
-627.210769678
-589.109547501
-502.131267725
-543.913541275
-441.92689918
-520.663626757
-494.002936125
-586.969668077
-498.597683043
-489.103939855
-527.046340625
-511.117233018
-562.537254233
-535.840264965
-584.339736883
-474.163087364
-531.256985837
-522.91924856
-546.398849176
-548.280704658
-517.633086004
-550.327578196
-492.236610435
-567.640900554
-458.489332783
-583.640617552
-565.801139608
-512.128157116
-541.661374036
-579.937995155
-471.785959017
-449.207664745
-566.43372014
-541.185115579
-498.255683889
-502.550814051
-488.847447897
-556.83216184
-543.80235599
-529.58464533
-556.394042166
-566.514534133
-512.809764818
-572.681635693
-507.685929101
-506.218350752
-532.275164444
-454.356050441
-604.966282082
-463.296245373
-522.703700446
-497.042628325
-542.100537354
-554.716787739
-511.031332358
-537.443832462
-534.061903963
-529.474801165
-529.00220618
-516.580431953
-472.964729426
-554.820607899
-492.569823712
-648.927606564
-544.552849938
-509.498727374
-509.402215778
-452.04176581
-520.536624986
-502.805183803
-532.680449152
-485.219296367
-452.750774622
-576.822284919
-517.07460815
-557.06090623
-487.499849581
-582.067507531
-494.450657959
-562.463659244
-592.62301169
-526.677587948
-501.68825372
-519.282301806
-517.26859924
-484.489368632
-481.291187995
-535.227942496
-588.31819387
-637.409372538
-561.382429536
-512.28216098
-498.136993913
-532.607014344
-515.21658064
-598.595552568
-537.910860063
-546.51129213
-475.171007517
-625.624090361
-481.652742691
-431.117725608
-529.550673107
-638.422825707
-509.539753247
-541.558899303
-568.848259881
-531.913772904
-470.341803259
-513.751562244
-613.464745709
-490.391044483
-624.811048114
-493.098291486
-495.969570453
-500.848757811
-535.928663933
-511.774761481
-556.996016514
-538.752250805
-496.698614931
-531.916674251
-468.733432434
-521.666843144
-522.828960052
-612.483698804
-572.855078731
-531.742875597
-455.277003623
-512.505309218
-572.146344133
-532.101661421
-516.281934128
-483.198298766
-465.542176744
-484.927926782
-559.858158762
-482.728301377
-453.723263217
-515.055875619
-439.368517159
-501.332261976
-505.352216328
-490.203331739
-477.501354707
-504.330872989
-568.651640077
-576.401765105
-577.046894993
-488.3455902
-485.286963199
-500.568966814
-536.089210572
-546.428552471
-523.637688193
-488.208665949
-517.555135164
-563.896394147
-536.184721029
-453.055591663
-563.766360355
-574.217918034
-532.937554174
-556.346221332
-489.966935125
-656.573499975
-481.114156356
-529.521399481
-535.042263848
-500.722526971
-522.321159179
-577.688304428
-526.393069171
-496.641326346
-515.505737605
-532.541167032
-534.201980189
-576.130726716
-538.445155971
-538.983205313
-611.072753877
-436.674698361
-497.149024357
-462.556422883
-486.217647013
-498.168369222
-482.082708466
-540.043814998
-546.085643966
-494.473090145
-566.56583514
-633.871160934
-472.772008934
-551.854352545
-522.27065903
-484.9906453
-521.699778523
-539.658151193
-460.172102206
-566.756326595
-545.515944406
-482.984063178
-516.995759202
-492.15461122
-567.501225273
-494.748041862
-596.458029555
-489.493472571
-621.999644475
-558.481865051
-538.816710749
-506.655411385
-481.31480306
-487.86536714
-454.56540353
-488.703007527
-513.970861189
-580.293593543
-534.756776448
-523.756879729
-464.585675614
-472.632649696
-478.884638903
-577.401951952
-582.526157812
-532.105745985
-603.713751498
-567.674658504
-550.107023306
-479.132134929
-611.836369382
-505.562369365
-566.897716561
-654.494954095
-492.679454829
-530.960414476
-524.692577226
-485.975747824
-586.478978488
-530.832965453
-492.501449086
-575.829271059
-535.289576717
-417.701343784
-549.393057473
-528.211713941
-500.881873813
-531.408773941
-603.164321872
-499.878785741
-547.810561054
-544.594973714
-591.885803924
-522.595638356
-551.626990348
-554.794042305
-439.510388914
-554.971344136
-607.422486913
-511.223271737
-515.318590917
-547.009330957
-590.259799359
-523.212376279
-487.424018231
-643.837997734
-560.911740701
-470.991199852
-522.997524888
-574.463944788
-537.680827539
-557.13318878
-504.08429924
-530.189369652
-523.299602839
-576.854865721
-453.347404619
-556.459606125
-472.793327617
-520.893930839
-511.600842393
-485.692873919
-559.328390016
-478.242634952
-554.76246216
-505.100995357
-559.251468551
-572.420472872
-483.036639685
-500.767739757
-583.832856155
-502.13015548
-460.04811848
-582.5313718
-525.065973363
-468.464175331
-521.135027174
-532.342348285
-592.129292262
-503.505556546
-659.062965064
-517.917638384
-502.12336728
-460.492110899
-533.180876812
-509.050842195
-575.935406767
-543.816192598
-602.403504756
-519.740372764
-522.388842941
-572.050496102
-511.976179915
-605.605333685
-548.391001155
-624.139699237
-526.394903632
-528.65226943
-486.36412274
-600.782276202
-425.754780755
-525.66462723
-565.479513691
-504.395473356
-466.396463747
-467.567959882
-594.645239242
-535.988165832
-451.098667197
-520.425675036
-510.044134979
-534.258176248
-559.545973266
-593.9821355
-513.783604135
-559.159206368
-524.615734801
-490.808860771
-628.525583767
-593.368145764
-504.360400779
-469.585894639
-531.133341686
-492.860420675
-536.824334145
-416.028758784
-467.010315229
-484.542534648
-496.035065179
-485.048579586
-571.123312896
-494.785429124
-546.732562239
-494.10308913
-502.060063466
-655.90181824
-613.33045873
-441.786948004
-515.919497555
-543.915068038
-429.509805999
-492.996095437
-547.41046985
-546.497168855
-520.024454822
-578.300761014
-532.156649064
-548.843268137
-546.486942958
-605.686675671
-500.920257688
-556.669715451
-603.248497189
-557.613111199
-442.983346501
-528.636789779
-552.754172045
-445.813796259
-564.203511096
-508.233754188
-511.220112681
-515.940878087
-413.259228773
-539.529320198
-460.185088445
-543.141144667
-522.424286459
-541.896002413
-555.405480024
-454.295020388
-495.24841479
-486.009714802
-565.251809742
-476.500016761
-503.748803839
-532.463016409
-497.983043217
-539.928131254
-559.011566192
-523.03907858
-592.122944331
-447.194173727
-473.661966438
-525.872247266
-597.919018658
-461.470010267
-624.538917734
-503.646152135
-579.291848376
-592.858814115
-622.00251789
-515.806815996
-580.844916824
-460.815605396
-555.697300483
-544.748925109
-471.207248081
-572.958852349
-529.392053704
-457.616549423
-450.076867872
-579.995291244
-555.471417966
-531.993252529
-555.07141549
-524.754743413
-492.519598633
-540.042176565
-543.383085255
-474.979927325
-472.141824737
-516.454852782
-478.785646411
-490.344273587
-506.922151766
-520.714951781
-544.931810621
-567.079157026
-538.999894751
-470.280125783
-517.633468366
-566.329448683
-567.126473448
-495.146319322
-521.988703986
-542.400331258
-514.954200494
-453.732869333
-523.789851253
-493.252258816
-552.416056671
-522.099230646
-553.241180646
-555.230653653
-506.627033106
-504.242572188
-478.810350249
-507.898431715
-524.433345236
-594.449711385
-558.338353361
-571.837988726
-492.48769967
-474.160552745
-639.625808024
-481.634418878
-487.357497262
-481.29243648
-476.940834269
-503.990454693
-416.417700457
-504.637375208
-449.682271201
-629.883605792
-592.87584673
-522.659587444
-489.564258099
-578.086079489
-509.622263207
-531.207744198
-525.892076354
-504.554428201
-504.997921326
-497.259088557
-524.954530405
-509.292004263
-540.494389439
-484.409064581
-568.78943531
-539.051136617
-508.977549881
-536.952701882
-573.342616856
-557.214456943
-559.398363391
-501.088525284
-455.264934845
-572.76921429
-408.874962832
-480.243993701
-470.22206534
-557.152989611
-541.361449528
-482.826701596
-413.817810583
-531.697637296
-494.63160593
-659.018001171
-550.204411042
-590.569622834
-640.669841735
-566.343574962
-542.907822021
-519.193017819
-567.87685393
-530.154189376
-494.077745965
-472.289879424
-492.063191521
-571.421498269
-526.325020212
-522.304627393
-499.309722635
-465.112886638
-547.356638717
-484.655437845
-454.585315295
-551.668078451
-479.636242926
-498.873773896
-491.390821238
-450.778450033
-501.743109976
-522.144745941
-506.469137452
-495.536523766
-606.386805366
-584.674697925
-529.407159552
-529.484401822
-558.394876391
-523.668884964
-499.450267574
-612.245041094
-580.898906053
-472.312542168
-624.922402269
-486.26855099
-547.478548923
-463.091752702
-463.893410117
-538.810202611
-540.804250776
-467.999488945
-473.256377794
-463.813735929
-467.877415872
-612.953828579
-456.296842019
-466.698214802
-573.360048223
-574.772983476
-564.583279745
-503.233684335
-558.902405136
-473.329415347
-596.800100787
-495.928593751
-570.196697522
-581.306496606
-629.028360945
-434.396941702
-611.794327107
-480.197647472
-581.56057758
-540.222395081
-548.664671208
-430.085689758
-458.8365144
-489.997790597
-468.511990811
-519.183185677
-541.956001812
-569.68974507
-494.976818074
-488.351649533
-548.436673325
-513.734337194
-430.312662718
-509.577248824
-531.876664475
-609.07148987
-486.505144073
-485.358350281
-575.879412833
-567.916824996
-537.935765578
-560.845150896
-428.540703826
-476.671227141
-535.853649049
-455.083444385
-523.703681334
-533.934068059
-392.289040994
-528.423630849
-507.324256744
-578.269043406
-408.861431023
-444.521227747
-543.741100464
-527.896665786
-517.252658867
-351.75168632
-553.040362948
-437.108683844
-561.292902785
-513.707289813
-575.33828146
-531.039538555
-468.089805617
-516.912006093
-522.442757404
-612.61196702
-503.00222515
-480.947957432
-554.577288415
-587.044999615
-528.036904956
-467.162270312
-500.971756847
-459.076893078
-534.95357792
-600.197461045
-505.451819715
-563.887081456
-531.688712501
-517.436681294
-573.344440867
-468.144184951
-447.805751246
-547.536828195
-498.15484999
-681.351558899
-557.736291473
-446.180049882
-476.209699189
-482.205525661
-472.339815144
-524.263207935
-482.296314496
-505.874099799
-620.018040858
-484.465982797
-499.147449829
-381.591606277
-555.925624782
-495.164894598
-527.647772668
-486.317814697
-544.461840882
-583.315005901
-517.596370447
-544.344250259
-533.538322372
-538.506099931
-520.48722607
-460.816473928
-485.733654481
-513.532211402
-544.477807895
-464.555047096
-495.183298097
-607.652660495
-565.458363806
-571.132948258
-507.280200318
-493.328211962
-500.068473806
-503.819353113
-515.489922364
-601.190480034
-485.170084628
-516.498648944
-494.488070309
-535.161446488
-458.042068391
-617.796128283
-477.989245076
-522.882525245
-495.800584392
-513.130750103
-464.894971304
-484.156637989
-475.580697131
-528.685894626
-485.193127756
-447.582193476
-471.329531612
-482.036288405
-469.408497824
-529.867285463
-473.411145963
-533.038278606
-552.045552354
-599.479759676
-458.215677208
-550.749597908
-560.36195415
-453.526145848
-541.684744904
-503.077307206
-560.218913246
-469.345559571
-519.852278213
-533.743531457
-507.62822663
-519.019057563
-564.361796106
-582.190357805
-626.780477672
-552.831933053
-470.896313824
-460.236743862
-502.517344055
-599.080943061
-479.543828031
-641.033052643
-460.848849024
-493.975521833
-512.299516822
-618.776893331
-590.180998854
-472.143094314
-450.245673024
-525.241701521
-520.179872555
-548.771944519
-538.770652295
-544.372982982
-467.46566711
-514.684934709
-563.270016982
-590.912630522
-489.264562395
-619.229933856
-460.37531895
-615.378082022
-466.108194985
-463.84940543
-478.713952331
-552.734925519
-478.291894255
-494.761070156
-538.512009069
-530.871734412
-464.396938483
-547.771750562
-468.96146675
-584.378955268
-481.761812443
-497.654452332
-540.968457491
-532.663605204
-522.487202558
-559.471884338
-595.334769427
-622.741502547
-532.261353592
-524.475601238
-545.516858677
-562.096656956
-552.145929019
-582.517237127
-522.08124021
-534.74581823
-520.920160585
-512.971794151
-578.062778995
-621.453465932
-554.312746464
-610.178136157
-506.404444825
-499.009369804
-521.311553915
-576.31459848
-540.556287186
-535.880481189
-556.305692586
-500.761068815
-559.848600494
-541.026669526
-524.65106357
-469.08223749
-499.204486134
-459.478020845
-564.739244555
-459.561381655
-524.75256076
-523.761757533
-515.418674743
-561.98220984
-619.769596091
-570.288081781
-514.214156351
-534.314402719
-487.411457968
-576.84043875
-547.574222537
-582.474483352
-493.357458012
-497.316953867
-534.176914491
-497.230797704
-506.758966098
-556.669824445
-428.777583465
-486.933189973
-531.033377732
-511.900385478
-557.605517875
-547.568223365
-531.073463913
-554.276272719
-502.8261384
-523.936230542
-465.493795498
-537.511145107
-504.284223545
-483.288983223
-524.884357125
-467.981677121
-475.579321606
-663.888106744
-520.007573198
-471.110944582
-508.963172802
-518.831815752
-482.139493336
-489.02759774
-528.601990693
-552.912067237
-559.940162206
-525.078832969
-583.675075194
-530.997127549
-530.329437145
-501.207244707
-468.917492231
-588.239990558
-522.908618751
-524.300940457
-600.708402286
-466.879663887
-536.361133713
-528.655059689
-572.106241114
-484.137672158
-545.471838471
-542.998958465
-505.918906602
-534.974489341
-472.056346145
-541.787619258
-534.171759932
-548.220154663
-470.112448302
-463.591942737
-506.396794395
-636.081122047
-514.162498009
-535.160311427
-570.514417178
-588.139974207
-606.043508182
-551.866504211
-417.9019599
-626.981427579
-523.970236052
-558.439733169
-484.553932933
-520.410175775
-579.113830838
-563.896838126
-560.192424555
-509.541650177
-485.093383288
-508.092309658
-499.979523174
-479.139919189
-500.857342309
-489.610353801
-565.759383472
-543.859535362
-470.462977256
-443.025994427
-451.341146438
-502.405926617
-542.722347217
-415.784713397
-467.920552238
-536.390948571
-524.628649871
-492.044230551
-521.106714721
-475.677324857
-555.033241731
-520.908072344
-469.807994777
-558.891023443
-473.763669899
-522.983207247
-557.477512516
-508.780008344
-475.819106463
-565.54847788
-552.356034857
-453.581482502
-471.087725974
-479.249885849
-493.811052519
-590.52455805
-462.616289521
-489.222976079
-522.125489303
-527.007691227
-438.458665726
-469.203911419
-530.63094559
-594.380549282
-553.76549092
-528.802411097
-667.750761044
-500.712243639
-505.376360491
-566.345777338
-579.065639399
-457.946435802
-554.493710355
-612.714896267
-498.958458176
-533.139577439
-537.970836699
-500.543638981
-536.878263803
-536.334484299
-456.877450747
-474.946952707
-473.804572967
-488.128065478
-557.053727487
-626.220939671
-527.46918862
-478.815741123
-484.389056434
-532.222166177
-585.515594801
-468.624621496
-517.037306228
-494.867936635
-541.438899153
-463.712905708
-646.773632042
-470.77070348
-463.400960344
-510.736279875
-595.818436359
-543.266029983
-474.747028639
-499.968646621
-526.729012218
-552.9666568
-488.425186477
-563.978850916
-530.315708756
-529.06871834
-531.428650951
-458.971187298
-541.038236001
-487.989830345
-478.875427786
-478.141799142
-472.946080592
-533.407787411
-546.062175696
-535.051545164
-548.291006963
-481.896645137
-522.360895105
-546.620370126
-487.75572213
-534.153375412
-472.087968433
-523.221564397
-601.540502715
-507.144173446
-569.868735052
-479.623412183
-515.72684848
-492.8406466
-577.536342714
-549.597029911
-602.921538694
-464.719989436
-580.250755383
-518.650107493
-525.864448528
-538.586074015
-531.564854139
-472.953717228
-527.234632344
-477.945456515
-513.355411552
-485.859468062
-495.014393569
-589.950074621
-568.313340834
-525.775132222
-515.254162624
-579.514230018
-539.885768295
-506.734882242
-510.624989515
-520.525059846
-476.932014068
-439.96595928
-456.488690979
-543.581333057
-469.455577617
-481.182983281
-517.310929365
-543.076374449
-549.518289816
-555.086095222
-581.018890893
-549.061751082
-524.326643743
-491.108388258
-591.571611841
-562.08875263
-471.218100293
-534.204171913
-481.905713845
-439.29291294
-515.262083304
-468.457227729
-481.243229327
-543.246935331
-513.573074672
-572.09184694
-522.480582768
-485.151144716
-584.802647707
-537.579948322
-513.543847587
-509.892090064
-535.40306447
-510.360327779
-476.437363986
-469.606759836
-541.493854611
-547.073437296
-544.388389556
-549.22951069
-545.024713822
-536.074807524
-624.356899113
-506.604594321
-539.02888989
-597.334012317
-578.712596484
-590.986866066
-523.439888351
-535.934161106
-520.294257081
-514.335098134
-502.672082729
-575.046252611
-570.175956897
-562.906377813
-448.517937481
-427.480020897
-571.783186419
-538.771031357
-508.773081727
-556.911128866
-597.036331082
-544.650264501
-501.723755768
-602.518101393
-498.613770161
-454.424462742
-411.041812487
-587.348129101
-476.228690489
-565.051901785
-495.830251073
-517.969169428
-485.594240693
-510.298101288
-577.419338155
-610.982033332
-586.515230816
-429.030276074
-550.785762375
-464.143311498
-487.468758359
-438.996607275
-541.151717894
-638.821901907
-592.537362121
-502.243001368
-517.253222455
-552.139998881
-431.110493681
-556.182056092
-515.179532461
-485.226864452
-522.982119267
-601.17237839
-568.244518545
-532.819260789
-459.907641824
-529.120541717
-421.110616839
-601.406390707
-585.790133585
-519.665428838
-493.576655446
-515.610062255
-444.273044629
-536.229034031
-502.118158735
-453.589348335
-613.751934784
-496.329607311
-526.183549939
-497.212594291
-456.511468671
-579.633609168
-579.097753661
-504.853021709
-543.899725158
-478.342381043
-527.575093533
-565.049583899
-554.596081279
-508.151471472
-624.049169325
-550.199930632
-550.631449139
-414.970521819
-564.410033674
-535.150761658
-427.453776059
-594.266412144
-557.613477579
-555.405931794
-444.601591409
-458.901165573
-449.531243564
-543.18960855
-566.367081624
-543.966542792
-468.706351715
-480.655711297
-545.821493088
-595.531800812
-425.861673811
-481.526103263
-474.284541946
-571.745742209
-497.102019914
-536.62505278
-576.803859741
-449.071982221
-526.658994518
-470.154956421
-639.162449208
-471.975555955
-577.358842895
-465.822659934
-475.222787504
-512.783464836
-507.752695669
-571.777488814
-536.453049275
-507.984938682
-443.336663349
-484.399337606
-514.429735272
-539.427828996
-496.834975173
-482.292446918
-489.995992124
-469.785318603
-489.689693483
-519.052703315
-587.179654932
-568.581344647
-532.287372563
-554.232242576
-572.839660488
-494.438191992
-469.530154852
-460.995465071
-472.152347202
-517.595219997
-489.451119141
-550.412111783
-505.176158475
-463.338340029
-468.193555141
-517.370027297
-506.886153691
-570.210316311
-493.973316701
-563.739411412
-444.752119636
-408.384678336
-509.569148914
-638.000384369
-506.558980651
-572.615918476
-546.312943332
-549.667459665
-511.330267584
-605.356607341
-479.755374532
-542.449272304
-580.931131385
-556.165591433
-542.842506624
-610.090215661
-618.797545083
-452.036953072
-530.311103694
-470.784896735
-543.136285579
-558.186384896
-496.221512972
-503.059328088
-589.666695783
-535.754940648
-568.040330221
-607.378153378
-570.179137898
-499.442054262
-529.844600516
-520.893683393
-491.768785318
-622.069514866
-561.89686289
-566.661094855
-505.55220539
-467.647356115
-550.757093533
-562.16354337
-573.574292358
-533.551168897
-536.939484347
-576.57203859
-598.361600078
-555.806692978
-575.405968645
-542.878070905
-519.630119034
-455.013934035
-480.503893389
-584.878087809
-483.83600147
-490.496053019
-541.144821603
-557.211298846
-570.758740082
-470.181633642
-528.328665655
-578.134021249
-591.918520151
-440.611406063
-485.859538133
-553.621747702
-486.508319214
-682.797567178
-462.239900217
-556.101314694
-559.622212297
-464.231601115
-498.145122203
-455.357379969
-524.231467376
-484.921260955
-551.654072567
-649.109422744
-507.712320891
-499.820741097
-507.025309354
-521.412551295
-551.847158214
-520.616964214
-561.823426933
-445.96151455
-448.957951113
-527.106347707
-533.283901033
-603.714412059
-458.096742026
-514.009581401
-515.833168455
-497.933552585
-524.652402597
-475.924570674
-476.686560005
-535.322858876
-651.208478224
-484.320696234
-533.007586075
-537.814699213
-572.262717916
-543.678587683
-532.688663121
-568.863860672
-537.028062722
-613.858536538
-561.869742736
-462.943547476
-565.533716405
-622.554452993
-493.405861891
-566.375197517
-467.719734336
-569.885796154
-427.155565207
-494.021524425
-615.427299312
-453.022078479
-544.465848483
-516.423744231
-489.435110155
-516.530807836
-488.962117064
-515.969569249
-503.040629137
-476.001809604
-498.600079165
-546.744719579
-505.192773711
-635.301618353
-472.605040831
-530.145963317
-512.53399676
-600.339132976
-617.805434548
-537.366099973
-617.853790213
-528.258419331
-512.945968978
-457.905104685
-501.144423445
-498.027647146
-511.449625512
-533.889006811
-574.667782725
-471.325675164
-585.612817756
-481.173142437
-468.447028549
-473.274239006
-543.878902727
-480.431187063
-498.649377004
-435.01184771
-581.193487876
-513.214240014
-592.583192012
-521.040366544
-532.906468181
-517.164960914
-443.957784443
-525.566495203
-580.352176137
-482.279049163
-558.78850404
-540.186846507
-540.143571678
-560.907495253
-548.667812835
-506.863333881
-550.076727086
-455.545183669
-540.88777058
-518.019940122
-521.241932639
-533.664659811
-528.633710043
-594.59707537
-525.872182042
-523.661759595
-432.301083559
-570.047232168
-476.95557019
-579.443825788
-605.191481831
-549.772327461
-486.256998131
-509.351088049
-529.39448296
-492.415018904
-499.069890635
-565.24479874
-571.005220752
-583.875250547
-461.367086509
-562.768387572
-591.10214384
-565.532575506
-534.412724462
-484.119498894
-555.640434444
-591.148675346
-450.481793697
-505.690964375
-564.275584405
-533.565682957
-509.744435361
-590.384956188
-464.689734107
-514.765656577
-533.190942985
-558.495074147
-505.694218023
-609.046908043
-499.471797416
-548.100360758
-639.862940288
-474.714810202
-523.254482528
-472.11220886
-414.476034173
-492.039267825
-514.505643674
-588.151609407
-499.845948668
-531.054949408
-546.730297021
-456.816006033
-476.686421471
-563.52668621
-543.156483378
-537.82625235
-548.440889695
-466.441660996
-542.02013082
-468.842445981
-500.707357195
-539.388395577
-545.186431146
-477.771928466
-522.390445005
-495.787018873
-472.652464557
-522.235752736
-527.8165645
-607.837184444
-533.913028015
-521.459996864
-508.493773178
-512.645409138
-510.356215847
-484.799220793
-537.651786405
-537.170900729
-500.042857656
-529.560787753
-498.433758835
-585.273093036
-580.656494009
-639.323802546
-522.196641299
-525.425290461
-465.61844939
-608.961513546
-594.943801202
-495.622792547
-498.323338506
-464.508685743
-555.122088439
-482.24680241
-533.313981849
-467.430707455
-472.400971793
-449.021361763
-508.087502837
-605.884504628
-574.121418835
-493.644480585
-570.769375996
-474.156771106
-515.657138396
-474.144750483
-488.963765258
-567.168033919
-540.562947311
-527.405371403
-537.483039564
-568.596174547
-587.368837745
-511.920272391
-597.149725767
-569.526551066
-557.544221001
-526.041886024
-526.634468688
-519.992167329
-497.538508262
-482.599136516
-515.63700935
-536.288534931
-562.79858986
-528.279908086
-469.145828679
-531.775998103
-572.419298185
-553.587869237
-533.601618135
-643.872461816
-478.950162575
-495.052010791
-538.897395858
-558.821118532
-508.824630913
-621.63135833
-556.483964138
-500.928794498
-441.148643995
-479.581361488
-460.511711037
-539.825272442
-566.703388641
-416.516174721
-511.750182937
-555.82909728
-531.336605336
-481.151026059
-503.215498849
-495.199463686
-548.730017622
-521.287311325
-510.189006354
-496.443452577
-564.416899674
-494.398197436
-449.537292627
-484.521034526
-531.709079453
-476.363420303
-502.156483504
-588.467113147
-529.619489957
-502.57007899
-546.031105087
-533.241108987
-552.864211338
-520.794737649
-578.192073253
-584.303807368
-547.953944971
-505.937977569
-433.093675963
-448.28382898
-569.345524671
-478.442459569
-566.763457484
-516.165469767
-496.491279021
-516.992387633
-431.389168808
-568.46677432
-507.291255579
-568.639759253
-486.088764065
-506.631101759
-569.060669135
-470.17851164
-484.341599677
-528.121361802
-646.078825124
-492.107064744
-558.530472423
-578.737054471
-581.919257481
-557.487832088
-474.735599031
-509.930021235
-511.73897043
-567.910802861
-515.01306041
-538.375010198
-586.588549354
-510.013792624
-564.132969171
-445.853896988
-517.547185526
-654.746645812
-433.803290487
-625.121731036
-485.303276642
-540.392535795
-484.594148546
-514.948097214
-505.466114776
-545.365496531
-483.336406865
-517.569889106
-549.572464466
-533.336549355
-535.039136957
-496.056930775
-549.568134677
-408.587494563
-498.308976859
-494.612528187
-604.595442656
-541.290002549
-535.461286725
-467.32704589
-521.911161979
-494.568221452
-526.957955981
-513.369885423
-615.15895014
-604.824269022
-503.13237863
-479.303040271
-536.194789543
-570.634167178
-496.065061992
-499.779911653
-516.561516514
-433.885959544
-500.854393038
-504.925642682
-491.11617802
-597.707001957
-521.369733853
-524.713801111
-532.012259721
-553.428757511
-532.581373004
-432.746817374
-498.041064212
-500.450522914
-551.422305556
-576.956838347
-512.258597754
-499.254918982
-483.501526665
-487.952900673
-509.380009796
-517.029913787
-523.713018501
-527.630089509
-505.627486823
-595.514729632
-553.966063443
-546.480683638
-550.86786722
-507.792982412
-554.778397889
-470.95148511
-478.361433211
-542.884523606
-469.056160714
-503.824756735
-520.290041545
-467.191138987
-474.155749874
-542.931998251
-566.407081822
-490.67255496
-556.407484038
-528.5869929
-482.383743717
-541.189463195
-522.492412042
-584.134434725
-470.08942413
-523.718201086
-452.390034631
-545.501725486
-461.935734434
-545.210530309
-492.01538201
-459.470975374
-649.611232361
-473.048582277
-549.619502231
-602.31084803
-516.347748861
-505.732940606
-522.223537488
-513.821997252
-463.480362945
-496.304509061
-620.608365238
-522.18096396
-551.508750638
-538.601655759
-530.614247714
-518.557855427
-518.187534716
-524.837372481
-586.936687908
-534.008730337
-482.982797061
-534.530367658
-491.966751971
-546.817941029
-474.192428088
-428.474855456
-615.746227946
-503.950141485
-491.239646689
-541.373025456
-567.415384187
-616.547471368
-491.370892583
-558.458160949
-534.05643447
-549.374699357
-563.967666247
-602.557507242
-539.387059077
-585.344547864
-527.435417328
-578.203690187
-468.117137582
-533.929518885
-573.059774732
-519.49129751
-531.453007997
-554.022308176
-481.025235912
-571.604292136
-529.346539605
-492.27821605
-499.70169665
-505.848285151
-538.899928207
-558.378120112
-518.543045946
-551.50962542
-509.066492887
-460.215663735
-573.836755647
-541.689175258
-573.642332958
-537.655228936
-505.110724005
-390.521744756
-496.065414052
-539.917238776
-555.642349238
-475.181004755
-478.055716824
-520.228711219
-528.948268565
-571.288354428
-551.841552186
-596.190391693
-586.123438589
-547.042357328
-504.383069046
-447.528177739
-525.741611034
-569.80855853
-519.242056929
-462.510678535
-577.179515656
-588.915255843
-500.55902178
-578.771502596
-538.644318069
-540.92284343
-532.172675678
-525.086071402
-569.778320096
-491.535453761
-676.944348157
-523.723693139
-586.034093829
-643.238695916
-470.650661885
-539.059110165
-464.260467704
-505.162912069
-576.646076443
-519.281587992
-482.175819503
-635.771903731
-580.868450729
-486.133627614
-503.014078291
-560.08298258
-551.725838408
-596.314811143
-553.099213139
-521.080042291
-568.141241081
-429.279841332
-586.895032298
-511.271438522
-490.366468899
-533.940926398
-427.077574796
-472.525108836
-541.595609872
-471.913762917
-510.627557779
-434.969151259
-571.349357943
-506.209794151
-582.201746101
-496.606186258
-612.784636221
-521.555757535
-499.098942277
-604.919609663
-511.347007223
-482.712535643
-529.931455648
-500.966022767
-525.807897073
-543.841527302
-445.209893695
-539.602668751
-548.570454024
-498.233846057
-465.292755514
-423.441284997
-502.513136053
-507.080471838
-479.164140317
-500.501823258
-459.209906099
-575.236830012
-514.164494882
-589.939567989
-608.367260184
-538.122788641
-549.305635694
-576.881368031
-553.929485563
-571.831528299
-394.977122722
-526.278250228
-535.99952826
-480.54041337
-490.351375717
-385.041296562
-499.479925164
-550.76180927
-520.862002466
-564.055239734
-439.395636165
-478.573422374
-555.755663386
-469.329203055
-543.304183692
-489.219833803
-543.391034291
-471.243598178
-529.673272954
-576.090373786
-557.013800671
-504.383307442
-571.37022465
-529.269204253
-523.386409354
-604.43989886
-581.880316008
-495.08766203
-566.568028273
-530.233371332
-514.222694671
-566.413837827
-534.335550936
-566.715843971
-428.364570689
-522.669882024
-488.782937476
-560.230550701
-514.087526631
-559.228453179
-509.789193529
-431.92587901
-476.864309693
-551.968890983
-527.922398802
-532.605745642
-607.943996423
-519.967574308
-505.848687261
-501.989830764
-513.327198126
-598.900793434
-447.375090254
-511.347850206
-564.57659588
-451.920450974
-552.531790822
-560.043837785
-541.240657299
-482.638000483
-571.149829508
-565.858087883
-545.461496461
-489.433892178
-540.895256917
-478.823970301
-569.094449864
-518.932018966
-450.843183388
-499.882514337
-561.801713861
-432.586641493
-446.148062616
-540.771757705
-432.215918236
-544.745622981
-505.557977693
-468.921481296
-513.63873015
-468.64839105
-458.787818104
-536.021504884
-437.915071979
-595.045505254
-417.800031099
-517.365559429
-503.601826963
-532.940069909
-612.236595381
-508.104993948
-597.806746433
-489.285983896
-565.709536903
-552.214721108
-544.440477489
-544.150834656
-474.734424267
-457.15257861
-503.775365041
-533.972014025
-463.764339919
-588.099506518
-549.424683487
-407.946935253
-498.936620981
-482.851078075
-514.936097381
-503.926610698
-551.994158987
-465.398935094
-491.450445173
-532.038578141
-400.722048238
-394.787771033
-660.557574649
-502.078382087
-492.866399198
-509.390470346
-503.605963689
-560.922568498
-453.561536776
-482.558417679
-507.67429483
-569.725572347
-484.702136689
-530.952803658
-527.242048528
-640.404115961
-592.203193524
-536.939601699
-564.273085466
-589.645426489
-419.617094506
-457.169245665
-450.53233643
-542.520925937
-591.986486461
-565.280841066
-567.716903844
-545.584867492
-640.545840559
-563.738772371
-437.615709865
-555.752523967
-501.169963883
-485.106021822
-599.181529645
-491.410805495
-519.094348866
-479.796532089
-516.694959168
-491.808405175
-478.600187134
-499.943008633
-604.644867891
-525.290290359
-495.379741905
-599.449404648
-527.16161128
-424.747803436
-490.219123315
-623.941800372
-428.704023836
-539.608932406
-507.584541889
-511.739088989
-546.611545735
-464.257917487
-531.077805087
-592.144076053
-554.734985017
-571.306511737
-552.942191645
-540.508334336
-571.774417777
-583.255441996
-528.099829514
-540.66840669
-478.926342392
-491.140785152
-416.693857778
-533.394699019
-524.793501173
-492.55793772
-528.741926384
-489.884981414
-536.882773837
-545.384578408
-419.450482706
-479.841563155
-597.167473125
-511.862639358
-515.113232503
-507.300115936
-499.855194201
-472.675285063
-542.507939597
-636.178354613
-521.957383009
-522.107698601
-486.796144411
-511.081095536
-420.74173641
-471.509246757
-536.999963139
-450.253793882
-555.708956747
-505.415601102
-562.516828528
-496.120416095
-481.449912526
-529.298848777
-527.368619664
-550.932739705
-578.320193333
-550.734356031
-545.904195505
-550.887927657
-612.042621332
-435.536314663
-431.563588145
-442.593044274
-545.604688471
-530.298312993
-498.792098254
-446.082648208
-460.051427132
-556.067980502
-535.803057456
-550.630445726
-484.562786889
-524.068765637
-496.463826563
-594.469137559
-543.925358308
-522.471157389
-562.797058667
-564.972135879
-538.98027399
-521.146093744
-488.220866391
-554.349911798
-561.060707679
-519.799390268
-550.507682879
-546.129051512
-517.480714182
-536.10771215
-532.622633959
-497.458317762
-496.334276545
-520.590471457
-525.571154804
-527.584503463
-514.9313301
-472.084731129
-600.655088074
-573.058885681
-490.711711902
-588.952527761
-529.644995728
-520.729655356
-492.196192824
-513.864332278
-573.637395941
-509.513221638
-501.374848555
-629.610822317
-532.653891843
-566.346775584
-590.584243442
-556.544940133
-472.857542244
-553.323911608
-533.54178733
-400.813102934
-551.926936951
-489.348348124
-462.892840231
-570.958965583
-584.464357786
-504.832139521
-450.522556756
-572.922351297
-544.564700836
-550.890380067
-574.689153999
-542.383733911
-535.29069002
-541.5651567
-529.214974096
-515.345305336
-572.454769661
-555.697470126
-576.251698542
-518.246969535
-510.009981205
-654.902279527
-496.97728249
-457.913495508
-513.119434604
-481.500751966
-537.919739469
-520.369879887
-553.915697506
-501.198400323
-474.575311796
-498.583657203
-528.283027936
-537.106364228
-521.365818587
-505.118648324
-530.412212502
-551.660573053
-615.653920446
-507.260820756
-525.908885028
-586.999390167
-500.203666194
-480.877867706
-518.463268961
-517.690635229
-506.610277003
-542.623706251
-477.346733861
-483.529441974
-416.326011147
-492.113476103
-498.755139254
-517.471907861
-467.075519924
-673.459784642
-508.176927164
-545.353404443
-572.351867372
-572.788046972
-504.771569533
-502.355716678
-531.731322342
-461.558188674
-505.263113074
-509.218520172
-554.788714519
-533.644135187
-473.430682641
-583.48278091
-537.014279723
-548.589913787
-598.106690906
-579.734971428
-608.858013624
-404.709926265
-446.889360547
-519.40972968
-503.351358603
-481.96080726
-586.68953301
-563.125550018
-527.136469374
-487.47963735
-545.037521643
-520.746077315
-560.243262676
-466.953469754
-524.107230826
-562.355193362
-574.870507988
-473.591026477
-484.173853125
-571.830203463
-579.581757982
-559.164519168
-485.500183437
-526.253417645
-521.917173026
-598.601531454
-512.61526827
-533.425603511
-508.315788475
-535.574832134
-518.811156061
-521.581336293
-494.736596334
-435.724279963
-552.239299383
-518.952701163
-484.646894654
-441.169808357
-636.837598435
-538.454375453
-464.057659402
-560.791402202
-513.363539502
-493.562932025
-503.82913787
-532.059035662
-512.083166159
-496.104751376
-476.532109063
-539.725469815
-502.972744719
-467.817914826
-569.775920156
-484.904535044
-471.732508136
-547.031378292
-577.898204586
-491.978643498
-526.084857394
-474.091295783
-458.063734379
-532.741248182
-558.592089347
-523.757449954
-550.779276047
-544.931390928
-584.256277905
-701.128507449
-478.293447589
-570.484711945
-450.087589379
-550.542876759
-549.757471997
-537.998069434
-534.267507387
-524.84962646
-615.06399975
-530.875072823
-480.107318678
-545.68494093
-506.540085648
-460.079079599
-557.902698168
-541.909999871
-497.712822701
-495.446863871
-558.501532631
-561.366241506
-560.836666085
-598.619463349
-520.273328463
-497.508382493
-519.32324246
-557.187221465
-477.187063386
-501.498986747
-506.174024648
-500.62885979
-555.960557785
-526.536273886
-586.527517811
-637.724687808
-599.40794302
-476.039453392
-444.106449569
-406.871102467
-509.990271421
-488.007411967
-528.255475052
-470.837614875
-498.567122237
-525.961413816
-473.101809161
-545.212206831
-525.698764758
-530.908335203
-527.593006983
-565.776065039
-476.915908165
-511.200804927
-573.860421553
-541.614494305
-495.142608932
-508.442109072
-470.690919885
-554.367480837
-579.070526924
-519.634557156
-549.94302551
-532.266948155
-533.570334585
-510.383115842
-507.969125528
-597.390936001
-480.941929661
-510.387795016
-487.534197564
-522.114897307
-524.660193925
-528.127354529
-596.731398437
-517.693949323
-482.420469302
-500.677608098
-466.652298619
-519.85479649
-585.14626438
-551.760852166
-543.224891186
-518.146051736
-543.357002849
-551.419183315
-527.752570955
-430.274306903
-519.970008453
-598.939170987
-496.424331446
-534.056284576
-494.470400226
-532.523611172
-568.401047485
-644.492742972
-503.730844987
-511.979266234
-588.266419693
-541.469869349
-491.1779913
-455.77075312
-559.324501379
-498.818116301
-605.155433286
-536.379564574
-620.758650529
-509.035241705
-473.668520472
-528.432552728
-610.176240232
-574.758085173
-443.543536458
-566.7595899
-482.51986787
-512.249598995
-426.398618564
-578.196123696
-489.342771127
-506.110733836
-605.957900829
-537.533856052
-554.331364012
-599.02931199
-564.322665668
-495.458947806
-468.430997714
-519.122384349
-494.617113192
-548.861524479
-452.206565087
-506.784804551
-630.086217312
-490.954341382
-459.311821998
-489.761395623
-566.022497934
-501.610077192
-510.134985804
-525.851181758
-517.796971046
-566.907970617
-501.54506816
-474.186384037
-443.927013095
-545.390938666
-538.442813613
-472.390265827
-518.397676329
-525.849688346
-470.722298955
-520.954584576
-601.58815283
-472.202572634
-493.536230406
-459.503690524
-526.002263418
-546.514913526
-577.927023886
-467.355102172
-533.540301009
-562.890874264
-523.22598251
-550.265275843
-520.100495031
-554.041479656
-465.209978179
-518.863883649
-583.911258586
-568.80438601
-606.619093523
-525.899496397
-538.886729609
-515.626670738
-577.236435425
-497.349784875
-543.800311231
-538.213514956
-586.640170464
-491.757208427
-558.632947374
-523.111641505
-549.844921066
-539.065492327
-613.169715547
-519.215546512
-542.100961303
-502.884293257
-540.860429549
-577.569868972
-542.066191454
-537.100032512
-543.838980601
-510.686676748
